1 0 0 0 0 1 0 0 0 0 1 0
0.530267 -0.833037 -0.157692 27.3753 0.480081 0.141719 0.865701 -164.711 -0.698812 -0.534757 0.475074 91.0122
0.430172 -0.892049 -0.138567 -15.9872 0.332495 0.0138565 0.943003 22.1122 -0.839285 -0.451726 0.302562 205.092
-0.3384 0.925305 -0.17116 -23.1902 -0.464972 -0.00628749 0.885303 71.6269 0.818099 0.379171 0.432369 220.973
-0.33032 0.928629 -0.168932 -23.2283 -0.463381 -0.00362357 0.886152 75.2325 0.822294 0.370993 0.431506 221.322
-0.323232 0.930471 -0.172468 -20.3784 -0.454686 0.00713024 0.890623 62.9902 0.829928 0.366297 0.420768 213.591
-0.327954 0.92959 -0.168249 -21.0415 -0.429014 0.012122 0.903217 64.5956 0.841661 0.368395 0.394831 215.102
-0.32153 0.929269 -0.18187 -23.8222 -0.465789 0.0120049 0.884815 78.1367 0.824414 0.369208 0.428983 222.246
-0.338411 0.927684 -0.157737 -24.1806 -0.444072 -0.00965422 0.895939 79.1588 0.829625 0.373242 0.415226 222.906
-0.330022 0.930821 -0.157027 -24.0525 -0.439321 -0.00421697 0.89832 80.3766 0.835513 0.36545 0.410321 223.028
-0.31782 0.937071 -0.144529 -24.19 -0.425134 -0.00458959 0.905119 79.5635 0.847497 0.349109 0.39984 223.024
-0.303521 0.943033 -0.13625 -27.2765 -0.423098 -0.00526732 0.906069 96.5356 0.853735 0.332658 0.400594 231.015
-0.290813 0.945037 -0.149441 -26.4595 -0.438958 0.00699931 0.89848 92.0791 0.850143 0.326888 0.412796 228.822
-0.276812 0.947826 -0.158116 -27.1865 -0.454652 0.0157769 0.89053 99.4297 0.846562 0.318397 0.426564 231.631
-0.274418 0.94759 -0.16361 -26.2889 -0.467977 0.0170334 0.883577 97.2738 0.840055 0.319035 0.438776 229.32
-0.267972 0.950456 -0.157558 -27.4797 -0.449528 0.0212955 0.893012 99.9616 0.852124 0.310129 0.42155 232.059
-0.219431 0.969875 -0.1058 -32.2084 -0.26567 0.044945 0.963016 121.515 0.93876 0.239423 0.247804 247.152
0.0415203 0.99353 -0.105704 -35.8746 -0.0500893 0.107732 0.992917 170.201 0.997881 -0.0359315 0.0542384 253.71
0.0369713 0.994119 -0.101784 -36.5098 -0.0529947 0.10366 0.9932 174.717 0.99791 -0.0313259 0.0565155 252.783
0.0285309 0.994522 -0.10056 -36.6806 -0.06286 0.102187 0.992777 175.94 0.997614 -0.0220037 0.0654311 252.703
0.0170796 0.994477 -0.103557 -37.4768 -0.079287 0.104593 0.99135 180.619 0.996706 -0.00872111 0.0806355 251.359
0.0245083 0.993219 -0.113649 -36.4556 -0.0802896 0.115271 0.990084 174.876 0.99647 -0.0151404 0.0825703 252.938
0.0309109 0.993598 -0.108659 -36.9208 -0.0942863 0.111125 0.989324 177.287 0.995065 -0.0203358 0.0971177 252.499
0.0232914 0.994966 -0.0974727 -38.9527 -0.0216073 0.0979774 0.994954 198.133 0.999495 -0.0210677 0.0237806 252.043
0.0234064 0.9943 -0.104016 -38.4147 -0.0381881 0.104858 0.993754 193.084 0.998996 -0.0192881 0.0404248 252.76
0.0386077 0.993146 -0.110316 -38.5258 -0.0346691 0.111663 0.993141 195.138 0.998653 -0.0345183 0.0387426 252.454
0.0431831 0.994992 -0.0901427 -41.7079 -0.0894833 0.0937163 0.991569 223.817 0.995052 -0.0347527 0.0930822 249.305
0.0506384 0.99515 -0.0843388 -41.6521 -0.0669068 0.0876378 0.993903 225.003 0.996473 -0.0446868 0.0710202 249.842
-0.0794793 -0.992698 -0.0907361 -45.9476 -0.0986989 -0.08274 0.991672 282.1 -0.991938 0.0877729 -0.0914021 254.44
-0.0773551 -0.993558 -0.0828155 -46.8018 -0.122456 -0.072967 0.989788 287.389 -0.989455 0.0867065 -0.116022 253.317
-0.076348 -0.996161 -0.0428395 -51.3108 -0.0860533 -0.0362214 0.995632 349.92 -0.993361 0.0797011 -0.0829574 246.736
-0.0519276 -0.99507 -0.0844962 -46.8629 -0.109147 -0.0784485 0.990925 288.598 -0.992668 0.0606788 -0.104536 252.814
-0.0456573 -0.994984 -0.08901 -47.5149 -0.115164 -0.083266 0.989851 293.949 -0.992297 0.0554448 -0.110785 252.199
-0.0472541 -0.994737 -0.0909122 -46.4227 -0.0955603 -0.0860946 0.991693 286.555 -0.994301 0.0555491 -0.0909891 251.872
-0.0302199 -0.997326 -0.0665424 -47.4836 -0.0863744 -0.0637183 0.994223 293.389 -0.995804 0.0357928 -0.0842178 252.195
-0.0400173 -0.997532 -0.0576841 -51.169 -0.122216 -0.0524104 0.991119 348.251 -0.991696 0.0467118 -0.119817 246.905
-0.0760095 -0.993896 -0.0799572 -60.9098 -0.126945 -0.0698907 0.989444 429.969 -0.988993 0.0853573 -0.120857 232.941
-0.0151789 -0.998893 -0.0445181 -51.1598 -0.128121 -0.0422131 0.99086 344.731 -0.991642 0.0207439 -0.127338 247.383
-0.0110169 -0.998467 -0.0542363 -51.4711 -0.136803 -0.0522246 0.989221 354.018 -0.990537 0.0183178 -0.136018 246.073
-0.0110335 -0.996573 -0.0819757 -59.9774 -0.160516 -0.0791523 0.983854 423.559 -0.986971 0.0240138 -0.159093 235.138
0.00802648 -0.997687 -0.0675057 -61.2373 -0.156891 -0.0679283 0.985277 434.733 -0.987583 0.00268269 -0.157073 232.232
0.00665969 -0.998008 -0.062737 -51.0919 -0.145415 -0.0630381 0.98736 349.915 -0.989348 0.00254738 -0.145545 246.943
-0.000896752 -0.997914 -0.0645497 -51.1041 -0.153809 -0.0636439 0.986049 354.215 -0.9881 0.0108126 -0.153431 245.914
0.0072872 -0.998327 -0.0573689 -51.1815 -0.162055 -0.057791 0.985088 354.243 -0.986755 0.00211844 -0.162204 245.879
0.0260193 -0.998062 -0.0565332 -50.7251 -0.151829 -0.0598417 0.986594 351.241 -0.988064 -0.017087 -0.153092 247.723
0.00406873 -0.99817 -0.0603353 -61.2523 -0.115218 -0.060402 0.991502 434.523 -0.993332 0.00291747 -0.115252 232.553
-0.00874192 -0.998961 -0.0447209 -62.0038 -0.149406 -0.0429158 0.987844 449.275 -0.988737 0.0153173 -0.148876 232.881
-0.000532508 -0.999326 -0.0367041 -61.5463 -0.180159 -0.0360076 0.982978 445.928 -0.983637 0.00713602 -0.180019 231.605
0.00751817 -0.999255 -0.0378382 -61.8464 -0.169521 -0.0385653 0.984772 451.121 -0.985498 -0.000989437 -0.169685 232.555
0.0464229 0.998255 -0.0365018 -168.92 -0.180104 0.0443068 0.982649 2273.55 0.982552 -0.0390433 0.181846 50.4721
0.0275876 0.999051 -0.0337063 -164.998 -0.21515 0.0388633 0.975808 1729.82 0.976191 -0.0196682 0.216018 -46.3349
0.040739 0.998522 -0.0359782 -169.987 -0.176002 0.0426165 0.983467 2267.49 0.983546 -0.0337332 0.177478 47.8301
0.035697 0.998963 -0.0282483 -170.005 -0.19408 0.0346578 0.980373 2267.6 0.980336 -0.029514 0.195116 47.8146
0.0441992 0.998297 -0.038071 -169.183 -0.195665 0.0460207 0.97959 2285.91 0.979674 -0.0358479 0.197366 50.8302
0.0322791 0.999074 -0.0284423 -169.244 -0.229006 0.0350931 0.972792 2282.82 0.97289 -0.0248874 0.229927 50.4429
0.0088678 0.999523 -0.0296003 -169.262 -0.222015 0.0308307 0.974556 2282.8 0.975003 -0.00207046 0.222182 50.4318
-0.000465184 0.999733 -0.0230966 -169.215 -0.259099 0.0221873 0.965596 2300.78 0.965851 0.00643346 0.259019 51.6555
0.0125998 0.999283 -0.0356927 -168.804 -0.252218 0.0377175 0.966935 2300.12 0.967589 -0.00318089 0.252512 52.0239
0.00290635 0.999446 -0.0331663 -168.997 -0.256445 0.0328022 0.966002 2302.21 0.966555 0.00569776 0.256398 52.4096
-0.0263593 0.999021 -0.0355242 -169.098 -0.265686 0.0272571 0.963674 2301.99 0.963699 0.03484 0.264708 52.2659
-0.0274762 0.99927 -0.0265346 -167.35 -0.322404 0.0162675 0.946463 2343.96 0.946203 0.0345601 0.321722 68.429
-0.0348498 0.999091 -0.0245353 -167.337 -0.324852 0.0118925 0.94569 2344.02 0.945123 0.0409274 0.324142 68.5367
-0.057835 0.998125 -0.0200484 -167.052 -0.333093 -0.000361592 0.942894 2346.69 0.941119 0.0612102 0.332489 70.3326
-0.0559119 0.998165 -0.0232359 -167.175 -0.347188 0.0023829 0.937793 2362.6 0.936127 0.060501 0.346418 79.9948
-0.0512848 0.998507 -0.0188257 -167.46 -0.360427 -0.000925362 0.932787 2342.66 0.931377 0.0546232 0.359936 66.8339
-0.0455296 0.998669 -0.0242245 -167.11 -0.355301 0.00647521 0.934729 2362.41 0.933642 0.0511648 0.354534 79.7319
-0.042538 0.998821 -0.0233967 -167.054 -0.357476 0.00665164 0.933899 2360.87 0.932953 0.0480899 0.356772 79.4647
-0.0327376 0.999074 -0.0278987 -167.18 -0.375194 0.0135874 0.926847 2362.6 0.926368 0.0408101 0.374402 79.9708
-0.0175168 0.999426 -0.0290002 -167.192 -0.380479 0.0201595 0.92457 2362.89 0.924624 0.0272295 0.379907 80.2452
5.06639e-07 0.999696 -0.0246636 -167.321 -0.408062 0.0225169 0.912676 2364.65 0.912954 0.0100638 0.407938 80.6429
0.0114407 0.999595 -0.0260455 -167.509 -0.426361 0.0284372 0.904106 2366.54 0.904481 0.000761181 0.426514 81.659
0.0194372 0.999485 -0.0255114 -167.566 -0.421477 0.0313293 0.906298 2369.64 0.906631 -0.00686339 0.421869 83.2786
0.0198478 0.999544 -0.0227757 -167.664 -0.436094 0.0291539 0.899429 2369.24 0.899682 -0.00791931 0.436474 83.2427
0.0110801 0.999564 -0.0273754 -167.707 -0.454377 0.0294203 0.890324 2371.61 0.890741 0.00257385 0.454505 83.7961
0.0181001 0.999333 -0.0317194 -167.493 -0.46656 0.0365006 0.883736 2371.1 0.884304 -0.0011968 0.46691 84.0462
0.0129449 0.999063 -0.0412983 -166.818 -0.499613 0.042239 0.865218 2402.03 0.866152 0.00943294 0.499692 89.4938
0.022476 0.998479 -0.0503537 -183.471 -0.593938 0.0538505 0.802706 2600.37 0.804197 0.0118654 0.594245 231.236
0.0214144 0.99855 -0.0493888 -183.422 -0.611289 0.0521677 0.789686 2600.02 0.791118 0.0132802 0.611519 231.228
0.0139683 0.998943 -0.0437933 -183.464 -0.621566 0.042982 0.782182 2600.13 0.783237 0.0162947 0.62151 231.278
0.00980683 0.999085 -0.0416221 -183.617 -0.644958 0.0381286 0.763266 2602.28 0.764155 0.0193593 0.644742 232.61
0.0123513 0.999165 -0.0389339 -183.774 -0.668087 0.0372166 0.743152 2603.32 0.74398 0.0168324 0.667989 235.136
0.0128603 0.998917 -0.0447091 -183.683 -0.693826 0.0411118 0.718968 2605.23 0.720028 0.0217742 0.693603 236.799
0.0189052 0.998919 -0.0424694 -183.744 -0.718377 0.0431149 0.694317 2603.09 0.695397 0.0173827 0.718415 234.586
0.00527028 0.998966 -0.0451593 -186.508 -0.711452 0.0354808 0.701838 2630.55 0.702715 0.0284298 0.710903 260.933
0.0126844 0.998752 -0.0483025 -186.513 -0.750277 0.0414397 0.659824 2630.82 0.661002 0.0278708 0.749866 260.985
0.0124001 0.998799 -0.0473995 -186.528 -0.7791 0.0393643 0.625663 2630.79 0.626777 0.0291707 0.778652 261.04
0.0192227 0.998725 -0.0466877 -186.527 -0.807618 0.0430381 0.588133 2630.81 0.589392 0.0264003 0.807415 261.072
0.110883 0.9936 -0.0215348 -211.206 -0.925231 0.111116 0.362768 2830.42 0.36284 -0.0203003 0.93163 531.687
0.0998888 0.994779 -0.0209143 -210.659 -0.944037 0.101392 0.313868 2825.88 0.31435 -0.011608 0.949236 522.405
0.0471786 0.99804 -0.0411066 -193.914 -0.921814 0.0593526 0.383061 2708.32 0.384751 0.0198204 0.922808 338.343
0.104749 0.994349 -0.0172675 -209.973 -0.969652 0.105973 0.22033 2820.35 0.220914 -0.00633582 0.975273 511.095
0.0759822 0.997072 -0.00857677 -209.837 -0.983761 0.076365 0.162424 2821.38 0.162604 -0.00390387 0.986684 512.82
0.0556221 0.998101 0.0264523 -207.617 -0.992233 0.0582087 -0.109937 2872.53 -0.111268 -0.0201319 0.993586 941.597
0.0722503 0.996632 0.0388008 -206.013 -0.983922 0.0775917 -0.160864 2868.68 -0.163333 -0.0265545 0.986214 964.182
0.0169888 0.999666 0.0194876 -207.674 -0.980254 0.020493 -0.19668 2872.23 -0.197014 -0.0157614 0.980274 943.792
0.0167433 0.99951 0.0264494 -207.27 -0.960051 0.0234611 -0.278841 2871.06 -0.279325 -0.020724 0.959973 950.373
0.0112287 0.999178 0.0389536 -206.65 -0.938921 0.0239354 -0.3433 2869.46 -0.34395 -0.0327195 0.938418 957.928
-0.0538732 0.997858 0.0371011 -187.41 -0.877976 -0.0296365 -0.477786 2794.61 -0.475663 -0.0583137 0.877692 1250.14
-0.0362476 0.998484 0.0414153 -190.889 -0.822069 -0.00622753 -0.569353 2806 -0.568232 -0.0546839 0.821049 1212.09
0.0565479 0.996686 0.0584744 -167.01 -0.647127 0.081189 -0.758047 2307.33 -0.760282 0.00502557 0.649574 1933.63
0.0792509 0.994174 0.0730612 -155.645 -0.535728 0.104284 -0.837926 2092.93 -0.840664 0.0272654 0.540871 2107.93
0.0467786 0.996082 0.0750512 -166.986 -0.512513 0.0884234 -0.854115 2295.22 -0.857404 0.00148958 0.514641 1944.71
0.0816884 0.992809 0.0875008 -154.767 -0.402026 0.113159 -0.908609 2078.99 -0.911977 0.0390453 0.408379 2119.14
0.0671714 0.993633 0.0904503 -150.993 -0.359543 0.10867 -0.926779 2042.51 -0.930708 0.0297323 0.364554 2137.52
0.0811736 0.991593 0.100768 -154.252 -0.319881 0.121671 -0.939613 2074.71 -0.943974 0.0440382 0.327068 2119.71
0.0765622 0.991481 0.105371 -154.466 -0.301548 0.123758 -0.945385 2076.53 -0.950372 0.0406063 0.308454 2119.66
0.0729379 0.992373 0.0993732 -152.453 -0.236895 0.114026 -0.964821 2058.96 -0.968793 0.0468309 0.243405 2129.52
0.0269501 0.993464 0.110914 -49.8018 0.0332227 0.110003 -0.993376 1216.29 -0.999085 0.0304565 -0.030041 2333.52
0.0443411 0.992684 0.112305 -49.6263 0.0377319 0.110671 -0.993141 1214.77 -0.998304 0.0482743 -0.0325486 2332.6
0.0414389 0.992981 0.110778 -49.1366 0.0568064 0.108352 -0.992488 1211.73 -0.997525 0.0474206 -0.0519177 2332.97
-0.0070774 0.995839 0.0908583 -47.2304 0.0914604 0.0911245 -0.991631 1191.97 -0.995784 0.00129166 -0.0917247 2329.59
-0.0088343 0.994896 0.100518 -47.0669 0.0913162 0.100904 -0.990697 1189.07 -0.995783 0.000426769 -0.0917415 2329.74
-0.03122 0.994241 0.102519 -44.951 0.106998 0.105305 -0.988667 1172.98 -0.993769 -0.019897 -0.109669 2326.94
-0.0285196 0.993912 0.106424 -46.1771 0.0923417 0.108631 -0.989784 1180.76 -0.995319 -0.0184008 -0.0948776 2328.1
-0.0309721 0.993153 0.112644 -45.9674 0.111994 0.115437 -0.986981 1180.44 -0.993226 -0.0179534 -0.114802 2327.86
-0.0447326 0.992358 0.114997 -45.5229 0.12956 0.119902 -0.984295 1176.93 -0.990562 -0.0291311 -0.133933 2327.84
-0.0599662 0.992122 0.109987 -44.5304 0.142825 0.117579 -0.982739 1166.96 -0.98793 -0.0432222 -0.148751 2326.26
-0.0587413 0.99238 0.108308 -44.9017 0.147455 0.115931 -0.982251 1172 -0.987323 -0.041728 -0.153142 2326.64
-0.052614 0.993399 0.101934 -44.2931 0.1467 0.108656 -0.983195 1165.06 -0.987781 -0.0367761 -0.151448 2326.53
-0.0544993 0.993599 0.0989507 -44.3081 0.146408 0.105979 -0.983531 1163.69 -0.987722 -0.0391146 -0.151246 2326.09
-0.19801 0.977214 0.0764551 -34.0451 0.201713 0.116954 -0.972437 1039.01 -0.95922 -0.17713 -0.220275 2316.98
-0.195051 0.97775 0.0771991 -33.7842 0.222157 0.120709 -0.96751 1037.05 -0.955302 -0.171563 -0.240759 2317.32
-0.193109 0.977053 0.089866 -34.0335 0.206295 0.129974 -0.969819 1038.88 -0.959245 -0.168742 -0.22666 2317.02
-0.197173 0.976154 0.0908046 -33.7238 0.22015 0.134344 -0.966171 1034.88 -0.955331 -0.170512 -0.24139 2317.67
-0.326986 0.943203 0.058726 -32.9004 0.273193 0.153832 -0.94958 1026.15 -0.90468 -0.294456 -0.307977 2315.25
-0.422183 0.905453 0.0437815 -17.6057 0.304873 0.187304 -0.933793 788.41 -0.853706 -0.380884 -0.355124 2256.32
-0.459305 0.887912 0.0255349 -17.3563 0.317681 0.191041 -0.928753 795.119 -0.829529 -0.418469 -0.369819 2259.33
-0.499786 0.865799 0.024601 -17.9998 0.313111 0.207081 -0.926865 786.628 -0.807573 -0.455531 -0.374588 2255.18
0.596555 -0.79755 0.0896509 -12.8999 -0.143821 -0.216129 -0.965714 725.783 0.789581 0.563207 -0.243637 2236.1
0.610322 -0.78835 0.0775271 -12.7693 -0.166736 -0.223523 -0.960332 724.168 0.774407 0.573185 -0.267867 2235.7
-0.661675 0.749576 0.0179554 7.06573 0.281356 0.270417 -0.920714 336.734 -0.695 -0.604161 -0.389826 2096.96
0.66138 -0.746674 0.0710944 -14.0733 -0.16881 -0.240538 -0.955848 733.56 0.730807 0.620177 -0.285133 2237.22
0.667706 -0.742641 0.0515152 -12.8654 -0.187682 -0.234902 -0.953728 725.749 0.720378 0.627141 -0.296225 2236.09
0.731339 -0.679987 0.0525422 -3.68435 -0.168988 -0.255309 -0.951977 617.337 0.660746 0.687339 -0.301628 2210.37
0.732635 -0.679146 0.0447809 -11.2335 -0.170328 -0.246648 -0.954019 708.556 0.658964 0.691321 -0.296381 2232.54
0.744374 -0.665776 0.0514815 -10.2157 -0.15882 -0.251397 -0.954765 714.992 0.648601 0.702526 -0.292872 2235.78
0.728383 -0.683451 0.0485027 -11.3761 -0.172376 -0.2513 -0.952436 707.3 0.663133 0.685378 -0.300853 2231.73
-0.867194 0.497886 -0.00913449 2.3313 0.214656 0.357201 -0.909027 373.744 -0.449329 -0.790264 -0.416637 2112.22
-0.875709 0.482839 1.11759e-05 2.582 0.19595 0.355409 -0.913941 360.706 -0.44129 -0.800344 -0.405847 2105.56
-0.879007 0.476712 -0.00962567 2.10552 0.204557 0.358792 -0.910728 371.934 -0.430701 -0.802505 -0.412895 2111.24
-0.883946 0.467282 -0.0169621 2.50052 0.212111 0.368389 -0.905151 363.277 -0.416712 -0.803702 -0.424752 2106.93
-0.901659 0.431586 -0.0272738 2.6819 0.205068 0.371193 -0.905628 373.348 -0.380733 -0.822161 -0.423195 2112.26
-0.904217 0.426433 -0.0233648 2.64434 0.198057 0.370237 -0.907578 371.545 -0.37837 -0.825275 -0.419233 2111.32
-0.903425 0.428142 -0.0227576 1.65559 0.197605 0.368688 -0.908307 376.1 -0.380494 -0.825084 -0.417685 2112.69
-0.914823 0.403844 -0.00304742 5.47203 0.164029 0.364655 -0.916581 344.479 -0.369045 -0.839009 -0.399837 2099.75
-0.942977 0.331704 -0.0276846 10.5795 0.155223 0.364645 -0.918118 327.017 -0.294448 -0.870062 -0.39534 2095.37
-0.946604 0.321744 -0.0205555 9.42232 0.142377 0.359982 -0.922032 325.127 -0.289259 -0.875725 -0.386569 2094.23
-0.949756 0.312419 -0.0189129 10.4167 0.136663 0.359577 -0.923053 327.198 -0.281579 -0.87926 -0.384207 2095.43
-0.959638 0.280707 -0.01726 10.0556 0.122259 0.361117 -0.924471 328.191 -0.253273 -0.889268 -0.380861 2095.75
-0.982618 0.185418 -0.00905365 13.3949 0.0761664 0.358205 -0.930531 314.732 -0.169295 -0.915046 -0.366101 2092
-0.984255 0.176491 -0.00959317 13.2815 0.0736695 0.360293 -0.929925 313.045 -0.160667 -0.915991 -0.367623 2091.1
0.983819 0.0797516 0.160435 9.38361 0.179144 -0.451226 -0.874244 16.1776 0.00266998 0.888839 -0.458212 1968.48
-0.98818 0.152365 0.0168959 19.352 0.0377752 0.348835 -0.936422 259.373 -0.148572 -0.924715 -0.350468 2067.8
0.880251 0.46613 0.0887773 -3.34361 0.312798 -0.429331 -0.84725 65.432 -0.356814 0.773562 -0.523723 1999.93
0.878148 0.459776 0.132142 8.13446 0.346048 -0.419781 -0.839068 18.0917 -0.330312 0.782553 -0.527735 1969.34
0.866658 0.487129 0.107749 9.47238 0.341854 -0.422529 -0.839408 7.43832 -0.363373 0.764314 -0.532715 1963.82
0.836691 0.535709 0.113859 9.43254 0.369571 -0.398835 -0.839254 9.03289 -0.404185 0.744275 -0.531685 1964.76
0.733146 0.673473 0.0944984 11.2109 0.408605 -0.325145 -0.852832 234.842 -0.543634 0.663863 -0.513564 2072.3
0.73674 0.671512 0.0792846 10.1088 0.405159 -0.344529 -0.846845 18.585 -0.54135 0.656027 -0.525897 1969.02
0.723762 0.684042 0.0908581 8.26288 0.437118 -0.352599 -0.827407 21.3937 -0.533944 0.638561 -0.554205 1971.56
0.726455 0.681686 0.0869937 9.55055 0.442196 -0.366783 -0.818494 9.14839 -0.526048 0.633067 -0.56789 1964.69
-0.582192 -0.812906 -0.0153954 8.54284 -0.577129 0.426521 -0.696421 -65.321 0.572691 -0.396565 -0.717469 1904.24
-0.511918 -0.858123 -0.0395683 7.81961 -0.615207 0.398375 -0.680307 -64.1964 0.59955 -0.323919 -0.731858 1908.18
-0.503676 -0.862028 -0.0567331 9.05723 -0.612237 0.402515 -0.68055 -67.749 0.609489 -0.308043 -0.730502 1900.12
-0.489056 -0.870408 -0.0566966 8.81439 -0.631193 0.398012 -0.665719 -69.1769 0.602013 -0.289788 -0.744045 1898.94
-0.475392 -0.877888 -0.0575859 8.69294 -0.648495 0.3939 -0.651381 -74.4066 0.594522 -0.272317 -0.756563 1892.08
-0.437653 -0.899066 0.0118281 34.8972 -0.773577 0.369796 -0.514615 -179.069 0.458299 -0.234373 -0.85734 1641.08
-0.390098 -0.920314 -0.0290828 9.00488 -0.708051 0.320018 -0.629486 -71.2056 0.588632 -0.224969 -0.776467 1896.54
-0.382785 -0.923273 -0.0322922 8.709 -0.717165 0.319005 -0.619605 -74.8086 0.582366 -0.214016 -0.784249 1891.16
-0.294884 -0.955499 0.00802478 18.4281 -0.800912 0.242577 -0.547445 -123.672 0.521137 -0.16786 -0.836803 1797.47
-0.191692 -0.981109 0.0260707 21.8448 -0.871264 0.157881 -0.464729 -144.514 0.451834 -0.111799 -0.885069 1750.6
-0.159084 -0.987079 0.0191712 21.7489 -0.873488 0.131674 -0.468702 -143.622 0.460121 -0.091309 -0.883148 1753.43
-0.0269137 -0.999548 0.0133849 24.903 -0.928019 0.0200065 -0.371994 -146.725 0.371559 -0.0224332 -0.928138 1718.37
-0.0264267 -0.999637 0.00520268 24.4212 -0.928932 0.0226341 -0.369559 -147.857 0.369307 -0.0145992 -0.929193 1726.15
-0.00746351 -0.99997 -0.00186829 24.8228 -0.928632 0.00762409 -0.370924 -146.653 0.370927 -0.00103346 -0.928661 1714.79
-0.00195175 -0.99999 -0.00402451 24.506 -0.930312 0.00329173 -0.366755 -147.713 0.366765 0.00302823 -0.930309 1705.17
0.0479422 -0.998821 0.00759816 21.3061 -0.914306 -0.046946 -0.402295 -202.48 0.402177 0.0123399 -0.915479 1583.26
-0.0192267 -0.999743 0.0120294 24.8549 -0.931723 0.0135518 -0.362916 -146.915 0.36266 -0.0181857 -0.931744 1717.15
-0.0198479 -0.999678 0.0157824 24.8328 -0.932972 0.0128444 -0.35972 -146.873 0.359401 -0.0218642 -0.932927 1716.97
-0.0181763 -0.999753 0.0127823 24.8788 -0.933024 0.0123655 -0.359601 -148.452 0.359355 -0.0184624 -0.933018 1714.78
-0.00249439 -0.999753 0.0221 24.4972 -0.933632 -0.00558859 -0.35819 -150.448 0.358225 -0.0215267 -0.933387 1711.42
0.70713 0.694038 0.135196 24.9825 0.703935 -0.672971 -0.227127 -205.528 -0.0666513 0.255778 -0.964435 1566.68
0.780903 -0.596274 0.186137 72.8278 -0.548254 -0.797058 -0.25321 -264.537 0.299345 0.0956825 -0.949335 826.221
-0.0672184 0.976735 -0.203643 22.368 0.996034 0.0537668 -0.0708888 -199.262 -0.0582904 -0.207601 -0.976475 1602.09
0.604543 0.73927 0.296659 21.7733 0.796416 -0.568326 -0.206707 -203.064 0.0157866 0.361227 -0.932344 1580.8
0.655593 0.680771 0.326723 21.2692 0.752751 -0.623402 -0.211507 -203.028 0.0596919 0.384604 -0.92115 1582.62
0.437093 0.886233 0.153431 21.9353 0.898772 -0.423922 -0.111797 -203.271 -0.0340355 0.186765 -0.981815 1582.48
0.449945 0.876565 0.170832 26.5956 0.892904 -0.438032 -0.104164 -209.521 -0.0164767 0.199404 -0.979779 1550.85
-0.344315 -0.938804 -0.00969312 62.9572 -0.923886 0.340643 -0.174348 -273.412 0.166981 -0.0510752 -0.984636 901.214
-0.329337 -0.944176 -0.00833084 70.5935 -0.931217 0.32625 -0.162469 -266.745 0.156117 -0.0457493 -0.986678 854.26
-0.318816 -0.947736 -0.0123476 74.9052 -0.936295 0.316939 -0.151334 -268.759 0.147338 -0.0366867 -0.988406 817.688
-0.270785 -0.96264 -0.000823885 75.3458 -0.953551 0.268345 -0.136859 -269.39 0.131967 -0.0362736 -0.99059 814.525
-0.205059 -0.978703 0.00959199 60.5522 -0.971594 0.202367 -0.122693 -273.59 0.118139 -0.0344788 -0.992398 924.324
-0.204428 -0.978835 0.0095465 61.0071 -0.971117 0.201571 -0.127674 -271.819 0.123047 -0.0353709 -0.99177 919.071
-0.204743 -0.978762 0.0103046 63.2755 -0.971123 0.201805 -0.12726 -274.01 0.122477 -0.0360625 -0.991816 896.839
-0.202182 -0.979254 0.013598 63.3467 -0.970525 0.198482 -0.136701 -275.232 0.131166 -0.0408357 -0.990519 894.842
-0.198232 -0.980047 0.0145451 63.387 -0.970899 0.194304 -0.140001 -275.168 0.134382 -0.0418744 -0.990044 894.408
-0.156638 -0.987614 0.00909504 71.9339 -0.986507 0.156005 -0.0496552 -308.458 0.0476213 -0.0167502 -0.998725 802.82
-0.153937 -0.98804 0.00898357 75.3826 -0.987495 0.153527 -0.0358137 -303.924 0.0340061 -0.0143843 -0.999318 752.283
-0.159929 -0.987108 0.00641497 74.9398 -0.986661 0.15965 -0.0318187 -302.885 0.0303843 -0.0114181 -0.999473 743.951
-0.154102 -0.988038 0.00571523 75.2304 -0.987328 0.153765 -0.0392317 -305.038 0.0378836 -0.0116885 -0.999214 751.348
-0.151015 -0.988516 0.00556687 75.1939 -0.987795 0.150683 -0.0394473 -305.545 0.0381555 -0.0114561 -0.999206 749.977
-0.149533 -0.988706 0.010011 72.1667 -0.988395 0.149197 -0.0285778 -313.935 0.0267614 -0.0141681 -0.999541 783.293
-0.141433 -0.989865 0.0127991 74.3217 -0.989799 0.141176 -0.0191641 -309.528 0.017163 -0.015379 -0.999734 762.911
-0.140996 -0.989917 0.0136023 73.9927 -0.989894 0.140756 -0.0172572 -310.681 0.0151686 -0.015898 -0.999759 765.273
-0.140399 -0.990064 0.00786575 74.1613 -0.990069 0.140333 -0.00838003 -310.052 0.00719294 -0.00896419 -0.999934 761.907
-0.138723 -0.990073 0.022604 75.8997 -0.990277 0.138917 0.0072665 -297.191 -0.0103345 -0.0213762 -0.999718 726.72
-0.138837 -0.990194 0.0154818 74.0879 -0.990122 0.139101 0.0175623 -308.966 -0.0195436 -0.0128906 -0.999726 753.831
-0.143958 -0.989393 0.0194329 75.761 -0.989144 0.144452 0.0269954 -296.896 -0.0295162 -0.0153358 -0.999447 724.343
-0.138382 -0.99003 0.0263063 75.8224 -0.989976 0.139035 0.0248399 -297.387 -0.0282497 -0.0226052 -0.999345 726.323
0.0095337 0.99529 0.0964728 92.3685 0.864121 -0.0567489 0.500074 -277.306 0.503193 0.0785966 -0.860592 485.428
-0.00837576 0.996097 0.0878644 96.77 0.85868 -0.0378644 0.511112 -259.282 0.512444 0.0797283 -0.855011 445.59
-0.0422681 0.996554 0.0713756 96.6723 0.849204 -0.00180256 0.528062 -259.858 0.526371 0.0829327 -0.846201 447.762
-0.0468529 0.995785 0.0788504 96.6211 0.850583 -0.00161701 0.525838 -259.639 0.52375 0.0917059 -0.846922 447.65
0.435687 0.779968 0.449252 91.0804 0.624688 -0.621359 0.472945 -263.63 0.648029 0.0745862 -0.757955 457.619
-0.518413 0.827875 -0.214175 97.2262 0.67257 0.549419 0.495771 -254.629 0.528108 0.112967 -0.841629 433.767
-0.597584 0.759803 -0.25611 99.6855 0.616192 0.639565 0.459634 -263.252 0.51303 0.116857 -0.850379 458.686
-0.352431 0.935121 -0.0366131 97.283 0.766963 0.311031 0.561273 -253.189 0.536246 0.169729 -0.82682 430.996
-0.340201 0.94002 -0.0250098 97.341 0.763725 0.291719 0.575867 -252.531 0.548623 0.17681 -0.81716 429.229
-0.342173 0.939158 -0.0300085 96.9046 0.75586 0.294082 0.584972 -248.245 0.558206 0.177479 -0.810498 421.621
-0.397436 0.917187 -0.0284915 96.9923 0.753248 0.343816 0.56072 -255.094 0.524081 0.201389 -0.827515 436.08
-0.380933 0.924391 -0.0197843 97.1713 0.760766 0.325521 0.56149 -257.561 0.525477 0.198839 -0.827247 439.851
-0.411951 0.910912 -0.0231415 97.1808 0.747482 0.352347 0.563136 -255.979 0.521122 0.214686 -0.82604 437.564
-0.563187 0.823641 -0.0666078 97.3362 0.661488 0.497681 0.561024 -252.842 0.495231 0.271901 -0.825116 430.571
-0.709245 0.698222 -0.0972494 96.9471 0.544288 0.63003 0.553907 -249.792 0.44802 0.339924 -0.82688 425.721
-0.245867 -0.967092 -0.0654414 112.333 -0.844279 0.180499 0.504592 -126.383 -0.476175 0.179313 -0.860874 207.622
-0.121651 -0.992083 -0.0311714 111.725 -0.86487 0.0905377 0.493764 -124.072 -0.487033 0.087026 -0.869037 203.191
0.00396639 -0.999585 -0.0285193 111.671 -0.860029 -0.0179617 0.509929 -121.863 -0.51023 0.0225048 -0.859743 199.261
0.0300182 -0.999146 -0.0283827 110.829 -0.848868 -0.0404751 0.527053 -104.261 -0.527752 0.00827199 -0.849358 179.886
0.0515489 -0.998255 -0.0287938 110.85 -0.85498 -0.0590137 0.515292 -101.987 -0.516092 -0.0019446 -0.856531 178.325
0.0582056 -0.99793 -0.0273586 110.557 -0.846364 -0.0638616 0.528762 -97.0047 -0.529414 -0.00762162 -0.848329 172.236
0.0499151 -0.998202 -0.0331818 110.541 -0.849329 -0.0599045 0.524454 -96.9743 -0.525499 0.00200409 -0.850792 172.157
0.0524692 -0.997766 -0.041354 110.548 -0.847271 -0.0663976 0.526994 -97.029 -0.528563 0.00738698 -0.848862 172.132
0.0593993 -0.997342 -0.0421985 110.262 -0.844308 -0.0727478 0.530898 -90.2979 -0.532557 0.00409356 -0.846385 166.007
0.066881 -0.996525 -0.049649 110.204 -0.843809 -0.0830463 0.530179 -84.8174 -0.532459 0.00643533 -0.846431 160.46
0.073752 -0.996026 -0.0499195 110.934 -0.84377 -0.0890045 0.529274 -95.7286 -0.531614 0.00308552 -0.846981 170.668
0.0746865 -0.995709 -0.0546442 110.207 -0.834402 -0.0924062 0.543355 -86.2934 -0.546073 0.00501388 -0.837723 161.088
0.0583119 -0.996141 -0.0655936 109.256 -0.830046 -0.084884 0.551198 -79.3909 -0.554638 0.0223044 -0.831793 153.758
-0.214862 -0.951614 -0.219692 109.711 -0.845139 0.06843 0.530149 -81.1538 -0.489463 0.299579 -0.818949 156.05
-0.199334 -0.957128 -0.21017 107.249 -0.833612 0.0528794 0.549814 -47.1478 -0.515129 0.284797 -0.808414 122.922
0.606033 -0.732887 0.309194 106.862 -0.699617 -0.30615 0.645607 -27.0376 -0.378497 -0.607576 -0.698277 106.927
0.102 -0.994549 -0.0216609 107.023 -0.799522 -0.0949155 0.59309 -25.6518 -0.591913 -0.0431769 -0.804845 105.369
0.109563 -0.993747 -0.0215118 107.093 -0.804426 -0.101361 0.585341 -26.7797 -0.583861 -0.0468273 -0.810502 106.853
0.0950397 -0.995062 -0.0286062 106.939 -0.805598 -0.0937613 0.584997 -31.1267 -0.58479 -0.0325528 -0.810531 108.888
0.0923081 -0.99515 -0.0339987 106.794 -0.806706 -0.0947568 0.583307 -20.9158 -0.5837 -0.0264171 -0.81154 101.359
0.124248 -0.991706 -0.0328826 106.748 -0.794098 -0.119251 0.595977 -23.5605 -0.594955 -0.0479368 -0.802328 104.12
0.128961 -0.991068 -0.033949 106.814 -0.793695 -0.123681 0.59561 -20.6085 -0.594489 -0.0498652 -0.802556 100.74
0.138217 -0.989918 -0.0309615 106.821 -0.791218 -0.129169 0.597737 -20.6069 -0.595709 -0.0581201 -0.801095 100.674
0.141178 -0.989478 -0.0316514 106.928 -0.789321 -0.131801 0.599667 -20.427 -0.597529 -0.0596764 -0.799623 100.027
0.141156 -0.989533 -0.029997 106.853 -0.793938 -0.131251 0.593663 -20.5646 -0.591386 -0.0599832 -0.804154 100.401
0.144779 -0.989085 -0.0273651 106.783 -0.795508 -0.132801 0.591211 -20.4994 -0.588393 -0.0638259 -0.806052 100.697
0.166384 -0.98573 -0.0255438 107.159 -0.793982 -0.14929 0.589326 -23.6188 -0.584729 -0.0777732 -0.807492 103.881
0.166428 -0.985803 -0.0222479 106.75 -0.795678 -0.147588 0.587464 -20.1856 -0.582407 -0.0800683 -0.808945 100.574
0.172737 -0.984774 -0.0195315 106.752 -0.784191 -0.149498 0.602242 -20.1272 -0.595992 -0.0887132 -0.798075 100.49
0.185832 -0.982358 -0.0209397 106.838 -0.758692 -0.156998 0.632248 -19.5909 -0.624382 -0.101605 -0.774483 97.5502
0.24463 -0.969603 -0.00511613 106.717 -0.726837 -0.186868 0.6609 -19.5112 -0.641767 -0.157958 -0.750456 96.7006
0.45533 -0.890154 0.0173651 108.556 -0.622482 -0.304345 0.721034 -8.08369 -0.636546 -0.339118 -0.692682 74.1593
0.240054 -0.969603 -0.0473671 29.5697 -0.565195 -0.179268 0.805244 1178.09 -0.789258 -0.16653 -0.591049 -1003.24
0.221119 -0.973473 -0.0588003 29.6261 -0.546713 -0.17366 0.819113 1174.2 -0.807596 -0.148975 -0.57061 -999.555
0.188789 -0.980026 -0.0624991 29.7598 -0.535883 -0.156145 0.829728 1175.11 -0.822914 -0.123152 -0.554658 -1000.94
0.180149 -0.981021 -0.0717206 27.5907 -0.523265 -0.157319 0.837523 1197.25 -0.832911 -0.11335 -0.541675 -1017.4
0.17036 -0.982124 -0.0800623 27.3155 -0.519745 -0.158589 0.839473 1199.32 -0.837163 -0.101401 -0.537471 -1018.55
0.175567 -0.981446 -0.0770739 29.749 -0.521747 -0.159152 0.838123 1175.26 -0.834839 -0.106934 -0.540008 -1001.09
0.145691 -0.986743 -0.0715045 29.8734 -0.49377 -0.135154 0.859025 1176.61 -0.857301 -0.0898459 -0.506915 -1002.94
0.13971 -0.987696 -0.0702745 29.576 -0.486351 -0.130268 0.863998 1179.42 -0.862522 -0.0865315 -0.498566 -1005.45
0.134835 -0.988489 -0.0686243 29.9054 -0.468248 -0.124601 0.874767 1176.59 -0.873249 -0.0858158 -0.479659 -1002.92
0.116259 -0.99054 -0.0728981 27.2991 -0.437241 -0.116944 0.891708 1199.37 -0.891798 -0.0717953 -0.446701 -1018.72
0.0866924 -0.99406 -0.0657991 27.0784 -0.41371 -0.096006 0.905332 1200.89 -0.906272 -0.0512638 -0.419575 -1019.29
0.0853695 -0.994396 -0.0623614 27.6363 -0.403163 -0.0917131 0.910521 1195.9 -0.911137 -0.0525887 -0.408733 -1016.49
0.0778704 -0.99472 -0.0668458 26.9433 -0.394128 -0.0923027 0.914409 1203.65 -0.915751 -0.0448596 -0.399235 -1020.96
0.0801662 -0.994946 -0.0604674 27.7815 -0.389302 -0.0870967 0.916983 1195.65 -0.917615 -0.049971 -0.394317 -1016.07
0.0498255 -0.997835 -0.0429183 21.4338 -0.265555 -0.0546606 0.962545 1264.12 -0.962807 -0.0365621 -0.267703 -1057.91
0.0365376 -0.998632 -0.0374036 21.1197 -0.223041 -0.0446335 0.973787 1267.57 -0.974124 -0.0272373 -0.224367 -1058.91
0.0247566 -0.998912 -0.0395143 21.1281 -0.2158 -0.0439343 0.975449 1267.5 -0.976124 -0.0156215 -0.216653 -1058.97
0.0418825 -0.998662 -0.0303351 20.0669 -0.113221 -0.0349102 0.992956 1295.85 -0.992687 -0.038153 -0.114532 -1064.13
0.0201003 -0.999382 -0.0288292 20.1968 -0.10809 -0.0308383 0.993663 1287.82 -0.993938 -0.0168568 -0.108643 -1063.09
0.0124225 -0.999479 -0.0298018 20.1232 -0.0824294 -0.0307263 0.996123 1294.01 -0.996519 -0.00991783 -0.0827681 -1063.99
0.0108576 -0.99955 -0.0279444 20.2384 -0.0743965 -0.0286762 0.996816 1288.49 -0.99717 -0.00874412 -0.0746745 -1063.17
0.00363451 -0.99954 -0.0301124 20.2246 -0.0722727 -0.0302964 0.996925 1289.42 -0.997378 -0.00144702 -0.0723495 -1063.32
0.00900757 -0.999352 -0.0348378 20.2578 -0.03434 -0.0351278 0.998793 1291.11 -0.99937 -0.0078004 -0.0346342 -1063.58
0.0146616 -0.999365 -0.0324705 19.4887 0.0121265 -0.0322939 0.999405 1314.41 -0.999819 -0.0150467 0.0116453 -1064.35
0.0169414 -0.999367 -0.0312959 19.4176 0.0334072 -0.0307171 0.99897 1318.21 -0.999298 -0.0179694 0.0328658 -1063.14
0.01912 -0.999336 -0.0310287 19.4828 0.030048 -0.0304461 0.999085 1316.71 -0.999366 -0.0200348 0.0294459 -1063.34
0.0402227 -0.998903 -0.023995 19.5394 0.0281453 -0.0228723 0.999342 1316.12 -0.998794 -0.0408716 0.0271945 -1063.04
0.115865 -0.993255 -0.00449666 19.6468 0.0523068 0.00158066 0.99863 1320.95 -0.991887 -0.115941 0.0521371 -1062.36
0.122165 -0.992307 -0.0200346 18.8896 0.0940678 -0.00851873 0.995529 1343.55 -0.988042 -0.123504 0.0923035 -1061.87
0.134944 -0.990574 -0.0235325 18.6913 0.1201 -0.0072228 0.992736 1346.41 -0.983548 -0.13679 0.117993 -1061.44
0.17536 -0.983907 -0.0342733 17.3377 0.303348 0.0208807 0.952651 1365.86 -0.936605 -0.177454 0.302128 -1052.97
0.200803 -0.978928 -0.0371283 18.6826 0.178162 -0.00077495 0.984001 1346.59 -0.963295 -0.204205 0.174252 -1061.17
0.209363 -0.977226 -0.0345896 18.0108 0.214648 0.0114183 0.976625 1358.55 -0.953988 -0.211894 0.21215 -1056.82
0.214496 -0.97639 -0.0255766 17.9288 0.239969 0.0272976 0.970397 1360.18 -0.946787 -0.214284 0.240159 -1056.46
0.216049 -0.976216 -0.0180022 17.9793 0.218325 0.0303309 0.975405 1359.78 -0.95166 -0.214666 0.219686 -1056.48
0.215293 -0.976316 -0.021344 17.9973 0.253195 0.0346975 0.966793 1360.33 -0.943155 -0.213548 0.254668 -1056.42
0.228327 -0.973462 -0.0154161 17.3094 0.275448 0.049403 0.960046 1368.24 -0.933807 -0.22345 0.279419 -1052.04
0.239226 -0.970875 -0.0131358 17.4373 0.282925 0.0567592 0.957461 1367.09 -0.92883 -0.232766 0.288263 -1052.72
0.242166 -0.970114 -0.0153022 17.4332 0.290856 0.0575411 0.955035 1369.07 -0.925612 -0.235728 0.296098 -1052.08
0.250375 -0.968048 -0.0140047 17.2514 0.306537 0.0655445 0.9496 1371.09 -0.91834 -0.242049 0.313153 -1050.49
0.328851 -0.944253 -0.0156098 17.5886 0.325409 0.097781 0.940504 1367.44 -0.886547 -0.314365 0.339424 -1052.68
0.344481 -0.93876 -0.00784326 17.1649 0.3235 0.110858 0.939712 1372.42 -0.881295 -0.326251 0.341878 -1049.65
0.386658 -0.922126 -0.0134239 16.089 0.355058 0.135414 0.924985 1385.87 -0.851134 -0.362419 0.379767 -1042.63
0.408658 -0.91266 -0.0070591 16.0397 0.343599 0.146677 0.927591 1386.98 -0.84554 -0.381493 0.37353 -1042.42
0.423959 -0.905668 0.00482199 15.9462 0.313441 0.151718 0.93741 1386.96 -0.849714 -0.395912 0.348196 -1041.95
0.402704 -0.915054 -0.0224847 16.1872 0.345903 0.129393 0.929306 1385.87 -0.847455 -0.382013 0.368627 -1042.87
0.410902 -0.911504 -0.0178854 15.9677 0.339424 0.134744 0.930932 1388.28 -0.846139 -0.388592 0.364753 -1041.51
0.471632 -0.881674 0.0146445 14.8631 0.330792 0.192296 0.923904 1395.06 -0.817398 -0.430899 0.382343 -1037.07
0.508002 -0.859665 0.053952 15.6066 0.285565 0.227181 0.931043 1415.73 -0.812642 -0.457565 0.360899 -1027.43
0.491186 -0.870712 0.0244211 17.8436 0.316137 0.204323 0.92645 1356.75 -0.811661 -0.447339 0.375625 -1057.42
0.521949 -0.852049 0.0397675 15.848 0.31611 0.236524 0.918766 1389.07 -0.79224 -0.466978 0.392795 -1041.48
0.541778 -0.838848 0.0530139 15.9308 0.304727 0.254809 0.917722 1388.82 -0.783338 -0.481047 0.39367 -1041.42
0.539116 -0.838665 0.0774299 14.4106 0.274715 0.262007 0.92514 1396.41 -0.79617 -0.477486 0.371646 -1035.81
-0.209116 0.972706 0.100564 20.307 -0.570778 -0.204913 0.795125 1443.91 0.794029 0.108874 0.59805 -1019.91
-0.210764 0.972122 0.102751 20.2546 -0.586309 -0.209819 0.782444 1443.78 0.78219 0.104667 0.614186 -1019.94
-0.221227 0.969676 0.10386 20.3791 -0.582503 -0.216802 0.783381 1445.26 0.782143 0.112806 0.612802 -1018.99
-0.230576 0.967511 0.103713 20.8039 -0.574167 -0.221333 0.788254 1448.68 0.785599 0.122204 0.606547 -1016.34
-0.253165 0.961908 0.103152 20.6598 -0.603495 -0.240364 0.760275 1447.96 0.756109 0.130223 0.641359 -1017.13
-0.249461 0.961773 0.112968 21.67 -0.616905 -0.247754 0.747025 1454.6 0.746456 0.116663 0.655128 -1011.88
-0.247635 0.961555 0.118695 21.8297 -0.630403 -0.252945 0.733902 1455.57 0.73571 0.106914 0.668805 -1011.03
-0.260293 0.960937 0.094059 24.0451 -0.659097 -0.248027 0.709981 1469.46 0.705576 0.122809 0.697911 -999.948
-0.253532 0.96062 0.113713 21.8941 -0.654798 -0.256957 0.710783 1455.81 0.712012 0.105747 0.694159 -1010.73
-0.27962 0.9542 0.106371 21.937 -0.640926 -0.268003 0.719297 1456.31 0.714861 0.132954 0.686511 -1009.46
-0.277437 0.955535 0.099904 22.2508 -0.651485 -0.263538 0.711417 1457.93 0.706113 0.132287 0.695632 -1008.77
-0.267689 0.959205 0.0909357 22.7236 -0.684421 -0.255732 0.682766 1460.12 0.678167 0.12053 0.724956 -1007.89
-0.259802 0.961295 0.0917302 22.1367 -0.712288 -0.254908 0.653963 1457.55 0.652035 0.104563 0.750944 -1009.03
0.145904 0.973996 0.173334 39.4126 -0.981739 0.120931 0.146848 1537.24 0.122067 -0.191594 0.973854 -836.631
-0.0601861 0.993982 0.0915289 25.6944 -0.968323 -0.0804013 0.236404 1503.83 0.242341 -0.0744012 0.967334 -963.297
0.0289265 0.986996 0.158119 39.7585 -0.994765 0.0129138 0.101374 1535.39 0.0980137 -0.160224 0.982202 -834.176
-0.0701422 0.992763 0.0974824 25.9412 -0.979728 -0.0869436 0.180485 1505.83 0.187654 -0.0828466 0.978735 -954.706
0.00475869 0.98679 0.161934 39.1898 -0.996496 -0.00884377 0.0831758 1534.34 0.0835092 -0.161762 0.98329 -837.012
0.0976149 0.981066 0.167276 46.2936 -0.987807 0.0750269 0.136411 1549.76 0.121278 -0.178552 0.976428 -797.154
0.0975434 0.983243 0.154006 42.0932 -0.985464 0.0737967 0.153016 1545.49 0.139087 -0.166694 0.97615 -817.267
0.107896 0.983288 0.146643 40.3898 -0.984601 0.085282 0.152603 1538.05 0.137547 -0.16085 0.977348 -829.377
0.0946024 0.981371 0.167216 46.5017 -0.991223 0.0772754 0.107264 1549.31 0.0923446 -0.175895 0.980068 -796.738
0.120312 0.980232 0.15707 40.3757 -0.987415 0.101799 0.121034 1538.29 0.102651 -0.169655 0.980143 -829.516
0.103659 0.98189 0.158579 41.0363 -0.991748 0.0899452 0.0913544 1538.96 0.0754365 -0.166741 0.983111 -826.171
0.107411 0.98247 0.152368 41.5913 -0.990862 0.0932087 0.0974927 1539.4 0.0815816 -0.161447 0.983504 -821.88
0.0920398 0.984752 0.147619 65.1959 -0.995755 0.0910497 0.0134651 1563.72 -0.000180893 -0.148232 0.988953 -674.414
0.077457 0.98576 0.149255 63.5224 -0.996827 0.0793269 -0.00660716 1564.45 -0.018353 -0.148269 0.988777 -681.881
0.0743934 0.9867 0.144527 62.0158 -0.996873 0.0774539 -0.0156582 1566.99 -0.0266442 -0.14291 0.989377 -690.644
0.080984 0.985133 0.15151 62.9643 -0.996456 0.0834888 -0.0102337 1565.13 -0.022731 -0.150144 0.988403 -683.736
0.0922824 0.984814 0.147053 63.6367 -0.995201 0.0960493 -0.0187085 1564.3 -0.0325487 -0.144621 0.988952 -681.015
0.0940939 0.984707 0.146624 69.3568 -0.994824 0.0986722 -0.0242545 1566.17 -0.0383514 -0.143583 0.988895 -643.949
0.090019 0.985267 0.145412 69.9848 -0.994854 0.095773 -0.0330526 1565.54 -0.0464923 -0.141689 0.988819 -639.409
0.0843799 0.98609 0.143204 70.7987 -0.991233 0.0977324 -0.0889134 1565.5 -0.101672 -0.134446 0.985691 -635.153
0.0858106 0.980458 0.177025 116.549 -0.943276 0.137148 -0.302358 1548.26 -0.320729 -0.141038 0.936612 -297.787
0.0775922 0.981423 0.175463 116.973 -0.940722 0.130357 -0.313127 1547.56 -0.330183 -0.140766 0.933362 -295.668
0.0662297 0.980846 0.18318 115.384 -0.931714 0.126494 -0.340452 1549.53 -0.357103 -0.148123 0.922246 -304.838
0.0785566 0.980893 0.177984 118.552 -0.937668 0.13333 -0.320941 1545.56 -0.338539 -0.141677 0.930225 -283.743
0.0745137 0.982343 0.171608 118.39 -0.93493 0.128684 -0.330676 1545.79 -0.34692 -0.135802 0.928011 -285.126
0.0659877 0.982484 0.174273 120.993 -0.922416 0.126667 -0.364834 1544.56 -0.380519 -0.136677 0.914617 -269.098
0.0679176 0.982635 0.172674 118.923 -0.926392 0.126364 -0.354725 1545.6 -0.370385 -0.135872 0.918887 -281.109
0.0613508 0.982757 0.174426 118.632 -0.920635 0.123226 -0.370468 1545.63 -0.385574 -0.137854 0.912321 -283.298
0.080792 0.980599 0.1786 120.663 -0.903623 0.147679 -0.402065 1544.96 -0.42064 -0.128903 0.898023 -270.354
0.087522 0.980592 0.175441 123.891 -0.903536 0.152305 -0.400532 1541.43 -0.419479 -0.123462 0.89933 -251.232
0.101913 0.979184 0.175535 123.892 -0.901998 0.165374 -0.398812 1541.43 -0.419539 -0.117688 0.900076 -251.297
0.125316 0.978505 0.163782 126.012 -0.902629 0.180965 -0.390528 1539.01 -0.411772 -0.0988945 0.905905 -238.327
0.141218 0.97767 0.155626 126.955 -0.900016 0.192267 -0.391157 1538.14 -0.412344 -0.0848278 0.90707 -228.603
0.122916 0.983056 0.135984 126.401 -0.898861 0.168357 -0.404606 1538.37 -0.420644 -0.0724984 0.904324 -234.478
