1 0 0 0 0 1 0 0 0 0 1 0
0.999997 -0.00233042 0.000487756 0.00496785 0.00233081 0.999997 -0.000799273 0.0080144 -0.000485889 0.000800409 1 0.956126
0.999993 -0.00368584 0.000837883 -0.00185974 0.00368299 0.999987 0.0033931 0.00970972 -0.00085036 -0.00338999 0.999994 1.89724
0.999981 -0.00613935 0.000407878 -0.00289875 0.00613516 0.999935 0.00958158 0.0096572 -0.000466703 -0.00957889 0.999954 2.84434
0.999949 -0.0100287 -0.00141476 0.00350427 0.0100421 0.999902 0.0097766 0.0153557 0.0013166 -0.00979031 0.999951 3.78228
0.999923 -0.012191 -0.00210544 -0.000925592 0.0122048 0.999903 0.00668563 0.0242639 0.00202375 -0.00671081 0.999975 4.70913
0.999905 -0.0134618 -0.00290346 -0.00514681 0.0134707 0.999905 0.00307094 0.0329245 0.00286184 -0.00310976 0.999991 5.63962
0.999917 -0.0124425 -0.00327831 -0.0183154 0.012452 0.999918 0.00289964 0.0310048 0.00324198 -0.00294021 0.99999 6.56316
0.999913 -0.012294 -0.00479736 -0.0199934 0.0123161 0.999914 0.00458917 0.0391831 0.00474052 -0.00464786 0.999978 7.49236
0.999915 -0.0120376 -0.00503915 -0.0340302 0.0120755 0.999898 0.00756163 0.0428868 0.00494762 -0.00762183 0.999959 8.41773
0.999909 -0.0121964 -0.00580583 -0.0451444 0.0122495 0.999883 0.00919741 0.047919 0.00569296 -0.0092677 0.999941 9.33618
0.999888 -0.0134766 -0.00657345 -0.052256 0.0135397 0.999862 0.00965153 0.0596935 0.00644246 -0.00973946 0.999932 10.2448
0.999881 -0.0135471 -0.00742199 -0.0616234 0.0136194 0.999859 0.00977892 0.0652474 0.00728848 -0.00987883 0.999925 11.1585
0.999877 -0.0135856 -0.007867 -0.0775572 0.0136503 0.999873 0.00822725 0.071985 0.00775422 -0.00833363 0.999935 12.0613
0.999851 -0.0145234 -0.00928841 -0.0889602 0.014584 0.999873 0.00648166 0.0808094 0.00919309 -0.00661615 0.999936 12.9604
0.999816 -0.0157597 -0.0109693 -0.0972356 0.0158117 0.999864 0.00466196 0.0956938 0.0108943 -0.00483453 0.999929 13.8649
0.999802 -0.0153995 -0.0126394 -0.11286 0.0154523 0.999872 0.00409187 0.0980948 0.0125747 -0.00428637 0.999912 14.7697
0.999801 -0.0143303 -0.0138513 -0.137468 0.0143783 0.999891 0.00337516 0.100566 0.0138014 -0.00357366 0.999898 15.6634
0.999794 -0.0132123 -0.0154387 -0.157785 0.0132723 0.999905 0.003789 0.0992444 0.0153872 -0.00399311 0.999874 16.5588
0.999762 -0.0139069 -0.0167948 -0.1768 0.0139843 0.999892 0.00450482 0.104654 0.0167303 -0.00473861 0.999849 17.4537
0.999743 -0.0134793 -0.0182556 -0.201272 0.0135881 0.999891 0.00584672 0.109778 0.0181748 -0.00609325 0.999816 18.3389
0.999722 -0.0128454 -0.0197949 -0.221191 0.0129717 0.999896 0.00626639 0.114968 0.0197124 -0.00652143 0.999784 19.2233
0.999662 -0.0144114 -0.0216386 -0.238983 0.0145589 0.999872 0.00667266 0.116169 0.0215397 -0.00698543 0.999744 20.103
0.999637 -0.0141764 -0.0229098 -0.266459 0.0143072 0.999882 0.00555578 0.125043 0.0228283 -0.00588153 0.999722 20.9638
0.999601 -0.0143131 -0.0243332 -0.288727 0.0144593 0.999878 0.00584194 0.130624 0.0242466 -0.00619148 0.999687 21.8277
0.999584 -0.0139036 -0.0252855 -0.313888 0.0141023 0.999871 0.00769539 0.137686 0.0251752 -0.00804875 0.999651 22.6868
0.999555 -0.0149786 -0.0258106 -0.339427 0.0152628 0.999825 0.0108502 0.139565 0.0256435 -0.0112393 0.999608 23.5333
0.999525 -0.0151447 -0.0268451 -0.360004 0.0154815 0.999803 0.0123823 0.14732 0.0266523 -0.0127921 0.999563 24.3707
0.999519 -0.01423 -0.0275382 -0.387298 0.0145482 0.999829 0.011389 0.15057 0.0273714 -0.0117842 0.999556 25.1957
0.999527 -0.0121866 -0.0282401 -0.416589 0.0124259 0.999888 0.00831274 0.162149 0.0281357 -0.00865972 0.999567 26.0045
0.999514 -0.0115978 -0.0289231 -0.444022 0.0117937 0.999909 0.00661102 0.170064 0.0288438 -0.0069489 0.99956 26.8082
0.999497 -0.0107003 -0.029846 -0.475499 0.0108929 0.999921 0.00629858 0.174883 0.0297762 -0.00662052 0.999535 27.5957
0.999456 -0.0113807 -0.0309524 -0.504152 0.0115724 0.999915 0.00602372 0.173809 0.0308812 -0.00637863 0.999503 28.3818
0.999392 -0.0111492 -0.0330294 -0.53355 0.0113245 0.999923 0.00512367 0.177579 0.0329697 -0.0054946 0.999441 29.1548
0.999328 -0.0112445 -0.0349001 -0.564056 0.0114236 0.999923 0.00493741 0.182255 0.0348419 -0.00533277 0.999379 29.9241
0.999245 -0.0115898 -0.0370767 -0.587829 0.0118353 0.999909 0.00640831 0.181125 0.036999 -0.0068423 0.999292 30.6856
0.999159 -0.0118966 -0.0392428 -0.618845 0.0122527 0.999886 0.00884508 0.182856 0.0391331 -0.00931848 0.999191 31.4336
0.999089 -0.0105714 -0.0413532 -0.649486 0.0109932 0.99989 0.00998525 0.194803 0.0412431 -0.0104307 0.999095 32.1816
0.999021 -0.0102827 -0.0430188 -0.689902 0.0107521 0.999885 0.010694 0.18833 0.0429038 -0.0111461 0.999017 32.9098
0.998968 -0.00758131 -0.044776 -0.730777 0.008019 0.999922 0.00960338 0.19756 0.0446996 -0.00995254 0.998951 33.6203
0.998895 -0.00623305 -0.0465931 -0.768516 0.00667074 0.999935 0.00924439 0.19906 0.0465324 -0.00954498 0.998871 34.3268
0.998831 -0.00547402 -0.0480366 -0.804277 0.00596516 0.999931 0.010087 0.209079 0.0479781 -0.0103618 0.998795 35.0306
0.99879 -0.00401574 -0.0490086 -0.847851 0.00461805 0.999915 0.012183 0.21098 0.0489555 -0.0123946 0.998724 35.7211
0.998775 -0.00129418 -0.0494585 -0.881429 0.00193084 0.999916 0.0128271 0.215249 0.0494377 -0.0129068 0.998694 36.3984
0.998834 0.00182333 -0.0482455 -0.923442 -0.00131779 0.999944 0.0105082 0.223057 0.0482619 -0.0104324 0.99878 37.0621
0.998912 0.00378934 -0.0464825 -0.960405 -0.0034399 0.999965 0.00759519 0.225721 0.0465097 -0.00742703 0.99889 37.7071
0.998985 0.00436646 -0.0448285 -0.985193 -0.0041272 0.999977 0.00542847 0.239573 0.0448511 -0.00523795 0.99898 38.3569
0.999115 0.00510893 -0.0417532 -1.01246 -0.00484558 0.999968 0.00640607 0.24252 0.0417845 -0.00619808 0.999107 38.9983
0.99921 0.00949936 -0.0385768 -1.0468 -0.00916504 0.999919 0.00883416 0.247767 0.0386576 -0.00847363 0.999217 39.6311
0.99931 0.0136981 -0.0345213 -1.07806 -0.0132769 0.999835 0.0124002 0.251268 0.0346855 -0.0119333 0.999327 40.2501
0.999369 0.0187514 -0.0301767 -1.10687 -0.018353 0.999741 0.0134275 0.255598 0.0304207 -0.0128652 0.999454 40.8537
0.999444 0.0221094 -0.024956 -1.12492 -0.0217748 0.99967 0.0136043 0.264406 0.0252485 -0.0130534 0.999596 41.4381
0.999471 0.0263862 -0.0190327 -1.14286 -0.0261003 0.999545 0.015114 0.27918 0.0194229 -0.0146092 0.999705 42.0151
0.999442 0.0309477 -0.0125469 -1.1553 -0.0307398 0.999392 0.0164425 0.280619 0.0130481 -0.0160476 0.999786 42.5607
0.999387 0.034604 -0.00527063 -1.16684 -0.0345148 0.999273 0.016171 0.284295 0.0058264 -0.0159791 0.999855 43.0868
0.999287 0.0376993 0.00202554 -1.1666 -0.0377275 0.999153 0.0164169 0.287306 -0.0014049 -0.0164816 0.999863 43.5933
0.999074 0.0420521 0.00912937 -1.1612 -0.0421937 0.998983 0.0159163 0.290912 -0.00845075 -0.0162867 0.999832 44.0841
0.998782 0.0462822 0.0170825 -1.1634 -0.0465121 0.998829 0.0133184 0.298168 -0.0164461 -0.0140967 0.999765 44.5541
0.998504 0.0487046 0.024852 -1.15397 -0.0489789 0.998744 0.0105511 0.296994 -0.0243069 -0.0117526 0.999635 44.9984
0.998264 0.048938 0.0327665 -1.13942 -0.0492878 0.998735 0.00995456 0.305958 -0.0322379 -0.0115523 0.999413 45.4295
0.998013 0.0480296 0.0407867 -1.11749 -0.0485344 0.998756 0.0114764 0.306 -0.0401847 -0.0134332 0.999102 45.8252
0.997556 0.0501465 0.0486643 -1.09601 -0.0508044 0.998632 0.0123774 0.308584 -0.0479771 -0.0148195 0.998738 46.2089
0.996913 0.0530014 0.0579195 -1.08782 -0.0538063 0.998474 0.0124256 0.311964 -0.0571725 -0.0155037 0.998244 46.5581
0.996134 0.0576946 0.0662511 -1.05956 -0.0585974 0.998212 0.0117634 0.314208 -0.065454 -0.0156 0.997734 46.8813
0.995259 0.0616652 0.0752136 -1.03667 -0.0627193 0.997962 0.0117319 0.315167 -0.0743369 -0.0163936 0.997098 47.1883
0.994536 0.0608497 0.0848261 -1.01244 -0.0621512 0.997985 0.012786 0.310905 -0.0838772 -0.0179882 0.996314 47.4666
0.993662 0.0596111 0.0953029 -0.974241 -0.0609284 0.998082 0.0109699 0.311212 -0.0944662 -0.016707 0.995388 47.7397
0.992531 0.0582726 0.107175 -0.938581 -0.0593005 0.998219 0.00642714 0.312413 -0.10661 -0.0127346 0.994219 48.0104
0.990968 0.0592322 0.120308 -0.89509 -0.0599435 0.998199 0.0022991 0.315241 -0.119955 -0.00949001 0.992734 48.2733
0.988857 0.0609755 0.135807 -0.855806 -0.0615465 0.998104 5.87991e-06 0.316139 -0.135549 -0.00836426 0.990735 48.53
0.986405 0.0627516 0.151881 -0.805798 -0.0632994 0.997994 -0.00123033 0.312936 -0.151653 -0.00840034 0.988398 48.7742
0.983619 0.0631418 0.168841 -0.752301 -0.063641 0.99797 -0.00245848 0.315437 -0.168654 -0.00832701 0.98564 49.0343
0.980393 0.0625452 0.18686 -0.692497 -0.0629447 0.99801 -0.00380062 0.314209 -0.186726 -0.00803576 0.982379 49.2793
0.976568 0.0614972 0.206238 -0.624365 -0.0620077 0.998068 -0.00399394 0.311172 -0.206085 -0.00888795 0.978494 49.51
0.972059 0.0617375 0.226475 -0.556395 -0.0622202 0.99805 -0.00501377 0.307494 -0.226343 -0.00921761 0.974004 49.758
0.966795 0.0640085 0.247408 -0.477426 -0.0641554 0.997912 -0.00747663 0.311633 -0.24737 -0.00864419 0.968883 50.0066
0.960544 0.0651614 0.270387 -0.40186 -0.0650846 0.997837 -0.00926027 0.30122 -0.270406 -0.00870314 0.962707 50.2425
0.953283 0.0667479 0.294611 -0.305609 -0.0666104 0.997724 -0.0105135 0.298963 -0.294643 -0.00960188 0.955559 50.4873
0.944753 0.0697376 0.320279 -0.21157 -0.0698001 0.997497 -0.0113001 0.292902 -0.320265 -0.0116797 0.947256 50.7215
0.934937 0.0717463 0.347483 -0.101219 -0.0718834 0.997335 -0.0125145 0.285503 -0.347455 -0.013278 0.937603 50.9631
0.923794 0.0722573 0.376011 0.015802 -0.0723819 0.997281 -0.0138158 0.278226 -0.375987 -0.0144534 0.926512 51.1975
0.911128 0.0706074 0.40603 0.149319 -0.0702085 0.997406 -0.0158985 0.270556 -0.406099 -0.0140212 0.913722 51.4294
0.896311 0.0677982 0.438213 0.297197 -0.0663103 0.997623 -0.0187181 0.265259 -0.43844 -0.0122808 0.898676 51.6547
0.879028 0.0669647 0.472044 0.451336 -0.0636476 0.997707 -0.023013 0.257854 -0.472502 -0.00981534 0.881275 51.8727
0.859742 0.0685891 0.506101 0.624949 -0.0630161 0.997615 -0.0281522 0.252301 -0.506825 -0.00768888 0.862014 52.1066
0.837898 0.0705473 0.541249 0.807361 -0.0628143 0.997487 -0.0327723 0.245329 -0.542201 -0.00653833 0.840223 52.336
0.813293 0.0734933 0.577194 0.998584 -0.0640927 0.99727 -0.0366713 0.237691 -0.578313 -0.0071694 0.815783 52.5593
0.785945 0.0774857 0.613421 1.20877 -0.067327 0.996942 -0.0396684 0.225346 -0.614619 -0.0101227 0.788759 52.7832
0.75606 0.0815829 0.649398 1.4391 -0.0709568 0.99657 -0.0425864 0.211016 -0.650645 -0.0138813 0.759255 53.0201
0.723229 0.0823212 0.685684 1.69135 -0.0706242 0.996481 -0.0451432 0.19182 -0.686988 -0.015777 0.726498 53.2375
0.6865 0.0796311 0.722756 1.97374 -0.0670256 0.996683 -0.0461482 0.173743 -0.724034 -0.0167624 0.689561 53.4696
0.647269 0.0788989 0.758168 2.27672 -0.0649379 0.99672 -0.0482846 0.159747 -0.759491 -0.0179807 0.650269 53.6889
0.604669 0.0780748 0.792641 2.61102 -0.0629208 0.996756 -0.0501807 0.140729 -0.793988 -0.0195309 0.60762 53.9094
0.558287 0.0781719 0.825957 2.96595 -0.0599684 0.996749 -0.0538021 0.12266 -0.827477 -0.0194943 0.56116 54.1191
0.50975 0.0761937 0.856942 3.34095 -0.0563806 0.996888 -0.0550989 0.0945618 -0.858473 -0.0202283 0.512459 54.3133
0.461431 0.0750501 0.883996 3.76002 -0.0554024 0.996908 -0.0557172 0.0772183 -0.885445 -0.0232659 0.464162 54.494
0.411463 0.0722634 0.908557 4.19076 -0.0549668 0.997005 -0.0544051 0.050294 -0.909767 -0.0275548 0.414203 54.6665
0.361169 0.0721745 0.929703 4.64885 -0.0586364 0.996785 -0.0546033 0.0303306 -0.930655 -0.0347934 0.364239 54.8283
0.312026 0.0726792 0.94729 5.10885 -0.0566581 0.996719 -0.0578091 0.0108199 -0.948383 -0.0356337 0.31512 54.9531
0.265116 0.0688898 0.961752 5.58727 -0.0456844 0.997222 -0.0588371 -0.0234249 -0.963134 -0.0283384 0.267527 55.0389
0.220786 0.0632889 0.973267 6.09478 -0.0329233 0.997807 -0.0574161 -0.0477791 -0.974766 -0.0193665 0.222386 55.1144
0.178942 0.062195 0.981892 6.60808 -0.0239541 0.997979 -0.0588486 -0.0764329 -0.983568 -0.0129898 0.180071 55.1667
0.139967 0.0634016 0.988124 7.13827 -0.0209009 0.997915 -0.0610692 -0.104331 -0.989936 -0.012105 0.141 55.2278
0.107319 0.0642325 0.992148 7.67576 -0.0123741 0.99792 -0.0632677 -0.133848 -0.994148 -0.00548707 0.107891 55.2553
0.0785314 0.0625557 0.994947 8.23275 -0.0051 0.998041 -0.0623477 -0.166497 -0.996899 -0.000177972 0.0786967 55.2743
0.0531877 0.0605997 0.996744 8.80024 0.00150744 0.998151 -0.0607657 -0.2017 -0.998583 0.00473452 0.052998 55.2905
0.0334102 0.0600533 0.997636 9.38314 0.00626815 0.998161 -0.0602948 -0.223718 -0.999422 0.0082678 0.0329723 55.2912
0.0176803 0.0617782 0.997933 9.9672 0.00940066 0.998035 -0.0619511 -0.249269 -0.999799 0.0104766 0.0170648 55.2876
0.00403063 0.0616772 0.998088 10.5618 0.00954316 0.998048 -0.0617132 -0.282798 -0.999946 0.00977366 0.00343417 55.2829
-0.00731082 0.0625002 0.998018 11.1651 0.010873 0.997991 -0.0624189 -0.318567 -0.999914 0.0103952 -0.0079757 55.2681
-0.0162578 0.065458 0.997723 11.7954 0.0153384 0.997754 -0.0652101 -0.350858 -0.99975 0.0142433 -0.0172253 55.248
-0.0228185 0.0671713 0.99748 12.4199 0.0195836 0.997579 -0.06673 -0.384751 -0.999548 0.0180116 -0.0240787 55.2211
-0.027572 0.0669394 0.997376 13.0675 0.0195262 0.997601 -0.0664147 -0.412272 -0.999429 0.0176437 -0.028813 55.2053
-0.0312212 0.0641927 0.997449 13.7268 0.017858 0.997812 -0.0636571 -0.446931 -0.999353 0.015825 -0.0322992 55.1883
-0.0334664 0.0571602 0.997804 14.3987 0.016164 0.998264 -0.0566444 -0.484594 -0.999309 0.0142328 -0.0343323 55.168
-0.0347866 0.0517591 0.998054 15.0837 0.0171092 0.998542 -0.0511881 -0.514359 -0.999248 0.0152952 -0.0356215 55.1434
-0.0355368 0.048869 0.998173 15.7807 0.0195864 0.998646 -0.0481948 -0.553229 -0.999176 0.0178379 -0.0364458 55.1191
-0.0352135 0.0511215 0.998071 16.4683 0.0228473 0.998471 -0.0503359 -0.587539 -0.999119 0.0210307 -0.0363276 55.0875
-0.0343221 0.0587278 0.997684 17.1669 0.0237128 0.998039 -0.0579329 -0.616408 -0.999129 0.0216695 -0.0356474 55.0629
-0.0321803 0.0670314 0.997232 17.8803 0.0247454 0.997496 -0.0662507 -0.645692 -0.999176 0.0225449 -0.0337585 55.0412
-0.0298751 0.067585 0.997266 18.6002 0.025738 0.997433 -0.0668252 -0.682063 -0.999222 0.0236712 -0.0315379 55.019
-0.0276318 0.0630393 0.997628 19.3419 0.0249187 0.997743 -0.0623564 -0.724291 -0.999307 0.0231366 -0.0291403 54.9993
-0.0251149 0.0566238 0.99808 20.0845 0.0244124 0.998131 -0.0560125 -0.769216 -0.999386 0.0229587 -0.0264503 54.9844
-0.022359 0.0550749 0.998232 20.8223 0.0226191 0.998254 -0.0545694 -0.808724 -0.999494 0.021359 -0.0235657 54.975
-0.018903 0.0600945 0.998014 21.5551 0.030345 0.997767 -0.0595049 -0.853951 -0.999361 0.0291599 -0.0206843 54.9544
-0.0156579 0.0656275 0.997721 22.2848 0.0324243 0.997352 -0.0650943 -0.891953 -0.999352 0.0313312 -0.0177444 54.9409
-0.0133375 0.0663569 0.997707 23.0238 0.0259198 0.997483 -0.0659955 -0.932822 -0.999575 0.0249801 -0.0150239 54.9476
-0.0102723 0.0628703 0.997969 23.7584 0.0218382 0.997797 -0.0626348 -0.97293 -0.999709 0.0211504 -0.0116227 54.9525
-0.0054377 0.0593468 0.998223 24.5007 0.0255738 0.997919 -0.0591894 -1.01762 -0.999658 0.0252065 -0.00694411 54.9418
-0.00180997 0.0603861 0.998173 25.2391 0.0303593 0.997718 -0.0603035 -1.06296 -0.999537 0.0301948 -0.00363912 54.9328
0.000659983 0.0649768 0.997886 25.9784 0.0302629 0.997428 -0.0649669 -1.10992 -0.999542 0.0302418 -0.0013081 54.9438
0.00482725 0.065812 0.99782 26.7257 0.0268126 0.997465 -0.0659182 -1.14773 -0.999629 0.0270724 0.00305042 54.9532
0.00857172 0.0652467 0.997832 27.4737 0.0263596 0.997507 -0.0654519 -1.19395 -0.999616 0.0268635 0.00683048 54.9616
0.0124026 0.0618261 0.99801 28.2204 0.0301984 0.997608 -0.0621765 -1.24147 -0.999467 0.0309094 0.0105059 54.9653
0.0157141 0.062457 0.997924 28.9636 0.0345818 0.997416 -0.0629698 -1.28787 -0.999278 0.0354995 0.0135136 54.9746
0.0195229 0.0635249 0.997789 29.7181 0.0378713 0.997216 -0.0642295 -1.33118 -0.999092 0.0390416 0.0170628 54.9848
0.0221159 0.0634708 0.997739 30.4658 0.0379759 0.997209 -0.0642789 -1.37542 -0.999034 0.0393116 0.0196438 55.0061
0.0252619 0.0614934 0.997788 31.2171 0.0395053 0.997265 -0.0624614 -1.42764 -0.9989 0.0409958 0.0227635 55.0332
0.0288512 0.0606992 0.997739 31.9636 0.0414899 0.997222 -0.0618674 -1.47274 -0.998722 0.043181 0.0262526 55.0524
0.0315762 0.0609392 0.997642 32.7208 0.0394843 0.997284 -0.0621671 -1.51785 -0.998721 0.0413542 0.0290843 55.0825
0.0347868 0.0629163 0.997412 33.4838 0.036872 0.997256 -0.0641924 -1.55428 -0.998714 0.0390096 0.0323715 55.1139
0.0376669 0.062913 0.997308 34.2369 0.0387066 0.997175 -0.0643666 -1.59693 -0.99854 0.0410269 0.0351254 55.1402
0.0402205 0.0628503 0.997212 34.991 0.0365229 0.99726 -0.0643264 -1.63964 -0.998523 0.0390083 0.0378148 55.1791
0.0428152 0.0631436 0.997086 35.7544 0.0344228 0.997315 -0.0646362 -1.68281 -0.99849 0.0370899 0.0405267 55.2128
0.0456466 0.062609 0.996994 36.5161 0.032203 0.997423 -0.0641103 -1.73877 -0.998438 0.0350326 0.0435128 55.2551
0.0486563 0.0650058 0.996698 37.2828 0.0305246 0.997317 -0.0665363 -1.77998 -0.998349 0.0336612 0.0465415 55.302
0.0523027 0.0686706 0.996267 38.0504 0.0293209 0.997097 -0.0702671 -1.82357 -0.998201 0.0328866 0.0501374 55.3418
0.0557043 0.0705247 0.995953 38.8181 0.0299203 0.996936 -0.0722677 -1.87834 -0.997999 0.0338248 0.0534236 55.3906
0.0582193 0.07269 0.995654 39.5864 0.0242201 0.996949 -0.0742008 -1.92671 -0.99801 0.0284348 0.0562811 55.4514
0.0608809 0.0719625 0.995548 40.3741 0.0200826 0.997108 -0.0733033 -1.9784 -0.997943 0.024456 0.0592596 55.5159
0.0645729 0.0725837 0.99527 41.1517 0.0224507 0.996993 -0.0741659 -2.02993 -0.99766 0.0271336 0.0627492 55.5715
0.0682906 0.0735531 0.99495 41.9269 0.0215726 0.996937 -0.0751806 -2.08705 -0.997432 0.0265978 0.0664947 55.6261
0.0718818 0.0748836 0.994598 42.714 0.0178621 0.996921 -0.0763495 -2.13357 -0.997253 0.0232538 0.0703229 55.6976
0.0759797 0.0728423 0.994445 43.4968 0.0168294 0.997092 -0.074322 -2.18606 -0.996967 0.0223829 0.0745328 55.765
0.0808427 0.0723325 0.994099 44.2992 0.0172985 0.997111 -0.0739584 -2.25449 -0.996577 0.0231754 0.079358 55.8283
0.0862127 0.0759111 0.993381 45.0943 0.0139901 0.996903 -0.0773944 -2.30961 -0.996179 0.0205699 0.0848836 55.9038
0.0916296 0.0847768 0.992178 45.8864 0.0118519 0.996206 -0.0862155 -2.36637 -0.995723 0.0196591 0.0902772 55.9942
0.0995173 0.0892098 0.991029 46.6855 0.0104792 0.995824 -0.0906937 -2.43121 -0.994981 0.0194108 0.0981669 56.0722
0.106702 0.0925774 0.989972 47.4835 0.00575055 0.995582 -0.0937218 -2.49471 -0.994274 0.0156932 0.105698 56.1705
0.113163 0.0907618 0.989422 48.2809 0.00199069 0.995796 -0.0915742 -2.5654 -0.993574 0.0123325 0.112507 56.2819
0.12061 0.0891297 0.988691 49.0917 0.00194397 0.995938 -0.0900202 -2.63519 -0.992698 0.0127794 0.119947 56.3894
0.128384 0.0853294 0.988047 49.9168 0.00155945 0.996273 -0.0862425 -2.70672 -0.991723 0.012613 0.127773 56.4991
0.135487 0.0797797 0.987562 50.7251 -0.00070348 0.99676 -0.0804262 -2.77349 -0.990779 0.010202 0.135104 56.6232
0.142526 0.0725668 0.987127 51.5371 -0.00371329 0.997341 -0.0727815 -2.8328 -0.989784 0.00670775 0.142416 56.7506
0.149828 0.0693618 0.986276 52.343 -0.00342046 0.997567 -0.0696362 -2.90009 -0.988706 0.00705993 0.149701 56.8848
0.157008 0.0713504 0.985016 53.1414 -0.00422619 0.997426 -0.0715756 -2.95967 -0.987588 0.00707511 0.156906 57.0192
0.162771 0.078245 0.983556 53.9265 -0.00383492 0.996893 -0.0786714 -3.01304 -0.986656 0.00903359 0.162566 57.1522
0.167821 0.0824834 0.982361 54.713 -0.0056441 0.996558 -0.0827112 -3.06187 -0.985801 0.00833614 0.167709 57.2919
0.173187 0.085322 0.981186 55.4906 -0.00697716 0.996322 -0.0854067 -3.12668 -0.984864 0.00794538 0.173145 57.4376
0.178269 0.0846784 0.980331 56.258 -0.00941962 0.996391 -0.0843527 -3.19307 -0.983937 0.00580315 0.178423 57.585
0.18332 0.0814519 0.979673 57.022 -0.00609238 0.996636 -0.0817222 -3.26348 -0.983034 0.00901279 0.1832 57.7303
0.188029 0.0750834 0.979289 57.7869 -0.00479313 0.997132 -0.0755312 -3.31197 -0.982152 0.0095082 0.18785 57.8783
0.191238 0.0689573 0.979119 58.5373 -0.00659493 0.997597 -0.0689706 -3.36962 -0.981522 0.00673256 0.191233 58.0324
0.194223 0.0660352 0.978732 59.2711 -0.0103298 0.997814 -0.0652728 -3.41884 -0.980903 0.00256735 0.194481 58.1934
0.197874 0.0656492 0.978027 59.9968 -0.011696 0.997842 -0.0646129 -3.47203 -0.980158 0.0013462 0.198215 58.339
0.199625 0.0680897 0.977504 60.7216 -0.0139858 0.997679 -0.0666389 -3.51588 -0.979773 -0.000368424 0.200114 58.5017
0.201205 0.0724951 0.976863 61.4189 -0.01814 0.997362 -0.0702801 -3.5644 -0.979381 -0.00357959 0.20199 58.6541
0.203445 0.0763325 0.976106 62.1117 -0.0189435 0.997076 -0.0740241 -3.61702 -0.978903 -0.00343105 0.204297 58.8059
0.205241 0.0814266 0.975318 62.795 -0.0193731 0.996676 -0.0791329 -3.66883 -0.97852 -0.00265364 0.206136 58.9598
0.207065 0.0833579 0.974769 63.478 -0.0186582 0.996519 -0.0812544 -3.72231 -0.978149 -0.00136247 0.2079 59.1064
0.208395 0.0836396 0.974462 64.1409 -0.0211107 0.996489 -0.0810156 -3.77241 -0.977817 -0.00368834 0.209429 59.2595
0.208895 0.080202 0.974644 64.8019 -0.0207762 0.996771 -0.0775698 -3.83104 -0.977717 -0.00404548 0.209887 59.4048
0.209619 0.0777934 0.974683 65.4562 -0.0208871 0.996959 -0.0750793 -3.88092 -0.97756 -0.00462024 0.210607 59.5484
0.209687 0.076244 0.974791 66.106 -0.0196854 0.997082 -0.073753 -3.93267 -0.97757 -0.00372408 0.210576 59.6876
0.208373 0.0755404 0.975128 66.7443 -0.0194439 0.997136 -0.0730903 -3.9781 -0.977856 -0.00373023 0.209245 59.8258
0.206412 0.076253 0.975489 67.3606 -0.0211236 0.997074 -0.0734705 -4.03139 -0.978237 -0.0054406 0.207419 59.963
0.204218 0.0797918 0.975668 67.9757 -0.0222944 0.996793 -0.076853 -4.07451 -0.978671 -0.00605713 0.205342 60.0963
0.202053 0.0833713 0.97582 68.5836 -0.0199146 0.996514 -0.0810158 -4.12518 -0.979172 -0.00306353 0.203009 60.2272
0.200689 0.0839169 0.976054 69.184 -0.017897 0.996472 -0.0819925 -4.1718 -0.979491 -0.0010135 0.201483 60.3436
0.197976 0.0828512 0.976699 69.7723 -0.0185667 0.99656 -0.0807725 -4.21608 -0.980031 -0.002143 0.198834 60.4724
0.19567 0.0798205 0.977416 70.3525 -0.018913 0.996804 -0.0776175 -4.26398 -0.980487 -0.00329847 0.196554 60.588
0.193335 0.0757349 0.978205 70.9329 -0.018811 0.997119 -0.0734814 -4.31543 -0.980953 -0.0041945 0.194202 60.7092
0.191882 0.0746036 0.978578 71.4969 -0.0150048 0.997213 -0.073082 -4.36284 -0.981303 -0.000660248 0.192467 60.8084
0.189945 0.0758775 0.978858 72.0447 -0.0114816 0.997113 -0.0750645 -4.40508 -0.981728 0.0030193 0.190267 60.9144
0.187373 0.078213 0.97917 72.5926 -0.00760401 0.996911 -0.0781749 -4.44212 -0.982259 0.00720223 0.187389 61.0105
0.18561 0.0800651 0.979356 73.134 -0.00769303 0.996763 -0.0800302 -4.48139 -0.982593 0.00732021 0.185625 61.1189
0.184526 0.0823632 0.97937 73.6775 -0.00812982 0.996576 -0.0822784 -4.52563 -0.982794 0.00722039 0.184564 61.2209
0.183502 0.0808054 0.979693 74.2314 -0.00618429 0.996691 -0.0810491 -4.56738 -0.983 0.00881393 0.183394 61.3215
0.184262 0.0795267 0.979654 74.7799 -0.000317335 0.996726 -0.0808529 -4.60574 -0.982877 0.0145872 0.183684 61.4159
0.186275 0.0775938 0.979429 75.3287 0.00455758 0.996798 -0.0798367 -4.64528 -0.982487 0.0193354 0.185325 61.5133
0.188314 0.076693 0.97911 75.8908 0.0078114 0.996798 -0.0795808 -4.68735 -0.982078 0.0226344 0.187112 61.6237
0.19155 0.0767977 0.978474 76.4439 0.00490887 0.996847 -0.0792007 -4.72773 -0.981471 0.0199741 0.190569 61.7424
0.196632 0.0776921 0.977394 77.004 0.0036586 0.996791 -0.07997 -4.76997 -0.980471 0.0193006 0.195717 61.8706
0.203102 0.0763946 0.976173 77.5563 0.00496723 0.996859 -0.079047 -4.81171 -0.979145 0.0209035 0.202085 61.9871
0.211231 0.0766492 0.974426 78.1291 0.00320502 0.996861 -0.0791087 -4.85184 -0.977431 0.0198333 0.210322 62.1122
0.219357 0.0745636 0.972791 78.6962 0.00376136 0.997003 -0.0772676 -4.88937 -0.975637 0.0206082 0.218419 62.2516
0.228295 0.0739438 0.97078 79.2753 0.000311743 0.997106 -0.0760223 -4.93798 -0.973592 0.0176581 0.227611 62.3998
0.237904 0.0739655 0.968468 79.8605 -0.000952665 0.997114 -0.0759192 -4.97651 -0.971288 0.0171389 0.237288 62.5524
0.247302 0.0775102 0.965833 80.4475 -0.00638036 0.996904 -0.07837 -5.02441 -0.968917 0.0132187 0.247031 62.7226
0.256716 0.0796297 0.963201 81.0429 -0.00958786 0.996761 -0.0798488 -5.06425 -0.966439 0.0112635 0.256648 62.8943
0.267678 0.0827006 0.959953 81.6501 -0.0136547 0.996535 -0.0820446 -5.10512 -0.963412 0.00885367 0.26788 63.0746
0.277875 0.0843021 0.956911 82.2621 -0.0150752 0.996402 -0.0834035 -5.15644 -0.960499 0.00875016 0.278146 63.2642
0.287887 0.0852338 0.953864 82.885 -0.0179488 0.996337 -0.0836119 -5.19763 -0.957496 0.00695008 0.288362 63.4618
0.298239 0.0857418 0.950632 83.52 -0.0189933 0.996293 -0.0839015 -5.24794 -0.954302 0.00696705 0.298762 63.6727
0.308215 0.0862189 0.947402 84.1502 -0.0229232 0.996268 -0.0832085 -5.2919 -0.95104 0.00392867 0.309042 63.8896
0.319047 0.0816496 0.944215 84.8099 -0.0218481 0.996651 -0.0788015 -5.33074 -0.947487 0.00451211 0.319762 64.1156
0.329458 0.0745496 0.941222 85.4649 -0.0185874 0.997197 -0.0724768 -5.38123 -0.943987 0.00638321 0.329921 64.3526
0.340422 0.0702488 0.937645 86.1409 -0.0168136 0.997501 -0.0686289 -5.42625 -0.940122 0.00759763 0.340752 64.6045
0.350922 0.0669351 0.934009 86.8262 -0.0175405 0.997737 -0.0649118 -5.4696 -0.93624 0.00639598 0.351302 64.869
0.360286 0.0647014 0.930595 87.5117 -0.0115112 0.997824 -0.064919 -5.50495 -0.932771 0.0126771 0.360247 65.1316
0.368872 0.0591498 0.927596 88.2149 -0.00473179 0.99808 -0.0617626 -5.54312 -0.929468 0.0183933 0.368444 65.4103
0.376074 0.0496664 0.925257 88.9351 0.00529155 0.998431 -0.055745 -5.58023 -0.926574 0.0258603 0.375222 65.6903
0.382705 0.0452167 0.922764 89.6472 0.0105922 0.998521 -0.0533219 -5.62166 -0.92381 0.0301807 0.38166 65.9865
0.390223 0.0451741 0.919611 90.3566 0.0123053 0.998451 -0.0542685 -5.66843 -0.920638 0.0324929 0.389063 66.2856
0.397812 0.0515173 0.916019 91.0661 0.0146416 0.997939 -0.062483 -5.70457 -0.91735 0.0382685 0.396237 66.5915
0.405108 0.0554279 0.912587 91.7778 0.0190173 0.997434 -0.0690233 -5.74499 -0.914071 0.0453168 0.403015 66.9037
0.410258 0.0578947 0.91013 92.4885 0.0167138 0.997338 -0.0709762 -5.79098 -0.911816 0.0443302 0.408198 67.2297
0.414921 0.0592225 0.907928 93.1896 0.00998936 0.997523 -0.0696317 -5.84437 -0.909803 0.0379613 0.413301 67.5653
0.418595 0.0630798 0.90598 93.876 0.00303756 0.997482 -0.0708542 -5.8983 -0.908168 0.0324112 0.417349 67.9008
0.422705 0.0658236 0.903874 94.5441 0.00242409 0.997273 -0.073759 -5.95691 -0.906264 0.0333694 0.421393 68.2178
0.426634 0.0701369 0.9017 95.2152 -0.000855695 0.997019 -0.0771462 -6.00708 -0.904424 0.0321417 0.425423 68.5427
0.430206 0.0728671 0.899785 95.8793 -0.00382112 0.996875 -0.0789027 -6.06518 -0.902723 0.0305062 0.42914 68.8706
0.434074 0.0716869 0.898021 96.5357 -0.00517254 0.997011 -0.0770889 -6.1185 -0.900862 0.0288172 0.433147 69.1923
0.438115 0.0684641 0.896308 97.1914 -0.00392686 0.997232 -0.0742537 -6.17404 -0.89891 0.029012 0.437171 69.5184
0.441734 0.0655592 0.894747 97.8335 -0.00390231 0.997457 -0.0711583 -6.2234 -0.897138 0.0279415 0.440867 69.835
0.44535 0.064925 0.892999 98.4645 -0.00499379 0.997532 -0.0700345 -6.2725 -0.895343 0.0267305 0.444576 70.156
0.448594 0.0662855 0.891274 99.0779 -0.00711744 0.997479 -0.0706018 -6.32606 -0.893707 0.025328 0.447935 70.4767
0.451189 0.0666723 0.889934 99.6884 -0.00616075 0.997414 -0.071601 -6.37544 -0.892407 0.0268229 0.450433 70.7932
0.453313 0.0652358 0.888961 100.297 -0.00438264 0.997469 -0.0709638 -6.42115 -0.89134 0.0282728 0.452452 71.1053
0.455195 0.0642589 0.88807 100.889 -0.00288251 0.997494 -0.0706991 -6.47079 -0.890387 0.029622 0.45424 71.4014
0.45708 0.0640114 0.887119 101.482 -0.00360317 0.997532 -0.0701219 -6.51439 -0.889418 0.0288549 0.456183 71.7172
0.458888 0.0633625 0.886232 102.055 -0.00227624 0.997534 -0.0701417 -6.56079 -0.888491 0.0301699 0.457901 72.0176
0.46162 0.0650435 0.88469 102.624 -0.00262442 0.997404 -0.071961 -6.60171 -0.887074 0.0308968 0.460592 72.3151
0.464633 0.0644675 0.883153 103.178 0.000731319 0.997318 -0.0731859 -6.65242 -0.885503 0.0346504 0.46334 72.606
0.467526 0.0643124 0.881637 103.727 0.00210079 0.997266 -0.0738612 -6.69392 -0.883977 0.0363842 0.466113 72.901
0.470779 0.0624852 0.880036 104.266 0.00542726 0.997265 -0.0737122 -6.73634 -0.882234 0.0394783 0.469152 73.1911
0.474269 0.0617796 0.87821 104.786 0.00644762 0.997264 -0.0736367 -6.7791 -0.880356 0.040586 0.472573 73.4608
0.477212 0.0612017 0.876654 105.301 0.00766619 0.997244 -0.0737936 -6.82347 -0.878755 0.0419358 0.475428 73.7483
0.481037 0.0602382 0.874628 105.818 0.00803877 0.997292 -0.0731077 -6.86933 -0.876663 0.0421985 0.47925 74.0286
0.484125 0.0598603 0.872949 106.325 0.0096345 0.997232 -0.0737259 -6.90821 -0.874946 0.044103 0.482209 74.319
0.488149 0.0606745 0.870649 106.824 0.00976887 0.997138 -0.0749665 -6.95091 -0.872706 0.0451001 0.48616 74.5951
0.4923 0.0608507 0.868296 107.321 0.0119407 0.996987 -0.0766395 -6.99319 -0.870344 0.0480977 0.49009 74.8817
0.497311 0.0642481 0.86519 107.813 0.00988218 0.99677 -0.0796993 -7.0365 -0.867516 0.0481853 0.49507 75.1669
0.502933 0.0700439 0.861483 108.299 0.00653478 0.996374 -0.0848264 -7.08005 -0.864301 0.0482916 0.500652 75.4551
0.508901 0.0771449 0.857361 108.78 0.00138513 0.995902 -0.0904328 -7.12419 -0.860824 0.0472089 0.506709 75.7514
0.514847 0.0832161 0.853234 109.26 -0.00363027 0.99548 -0.0948989 -7.17268 -0.857274 0.0457609 0.512822 76.0562
0.520906 0.0879563 0.84907 109.736 -0.00716325 0.995093 -0.0986882 -7.22049 -0.853584 0.0453252 0.51898 76.3759
0.526335 0.0881464 0.845696 110.221 -0.0119366 0.99528 -0.0963085 -7.27373 -0.850193 0.0405958 0.524903 76.6935
0.532047 0.0876641 0.842164 110.719 -0.0183976 0.995588 -0.0920117 -7.31711 -0.846515 0.0334607 0.531313 77.0234
0.537592 0.0851793 0.838892 111.216 -0.0247434 0.99605 -0.0852804 -7.369 -0.842842 0.025089 0.537576 77.3671
0.543474 0.0836087 0.835252 111.716 -0.0310382 0.996348 -0.0795388 -7.41648 -0.838852 0.0173026 0.544085 77.7092
0.549358 0.0815119 0.831602 112.223 -0.0336924 0.996582 -0.0754256 -7.46478 -0.834907 0.013417 0.550227 78.0638
0.555901 0.0850971 0.826881 112.741 -0.0386347 0.996316 -0.0765606 -7.50619 -0.83035 0.0106138 0.557141 78.4271
0.561889 0.0891393 0.822396 113.256 -0.0426498 0.995977 -0.0788139 -7.54871 -0.826112 0.00920967 0.56343 78.802
0.568092 0.0925806 0.817741 113.782 -0.0454108 0.995665 -0.081177 -7.59313 -0.821711 0.00898183 0.569834 79.1824
0.574305 0.0950246 0.813108 114.317 -0.0480091 0.99544 -0.0824239 -7.63749 -0.817233 0.0082998 0.576248 79.5764
0.5805 0.0957318 0.808613 114.859 -0.0506724 0.995387 -0.0814665 -7.68593 -0.812682 0.00631692 0.582673 79.9864
0.586992 0.0982901 0.803604 115.415 -0.0570608 0.995157 -0.0800392 -7.72824 -0.807579 0.00112811 0.589758 80.4114
0.594085 0.0956979 0.79869 115.976 -0.0569274 0.99541 -0.0769248 -7.78288 -0.802386 0.000232518 0.596806 80.8414
0.601596 0.093912 0.793261 116.547 -0.0573967 0.99558 -0.0743353 -7.82543 -0.796736 -0.000810798 0.604327 81.2847
0.608799 0.0941007 0.787724 117.112 -0.0579658 0.995562 -0.0741296 -7.8742 -0.791204 -0.000531085 0.611552 81.7432
0.616438 0.096094 0.781518 117.681 -0.0622242 0.995366 -0.0733078 -7.92367 -0.784941 -0.00343962 0.619561 82.2105
0.624185 0.0972895 0.775195 118.277 -0.0632109 0.995252 -0.0740101 -7.96231 -0.778715 -0.00280479 0.627371 82.7078
0.63104 0.097956 0.769541 118.869 -0.0654497 0.995181 -0.073008 -8.01055 -0.772985 -0.00429531 0.63441 83.2074
0.636013 0.09712 0.765542 119.471 -0.0652678 0.995264 -0.0720389 -8.05615 -0.768913 -0.00414764 0.63934 83.7231
0.639554 0.095995 0.762729 120.078 -0.0642191 0.995376 -0.0714271 -8.10441 -0.766059 -0.00330033 0.642761 84.2527
0.643414 0.093006 0.759847 120.691 -0.0605711 0.995665 -0.0705807 -8.15763 -0.763118 -0.000612147 0.646259 84.7736
0.647084 0.0895187 0.757145 121.322 -0.0554944 0.995979 -0.070329 -8.20563 -0.760397 0.00349142 0.64945 85.304
0.651062 0.0828909 0.754485 121.962 -0.0477112 0.996523 -0.0683111 -8.26282 -0.757523 0.00847743 0.652753 85.8446
0.654777 0.0771788 0.751871 122.604 -0.0419012 0.99695 -0.0658457 -8.30711 -0.75466 0.01161 0.656014 86.4006
0.657997 0.0715605 0.749613 123.248 -0.036431 0.997334 -0.0632303 -8.35945 -0.752139 0.0142962 0.658849 86.9632
0.661436 0.0701194 0.746716 123.886 -0.0359984 0.997441 -0.0617762 -8.40724 -0.749137 0.0139804 0.662268 87.5376
0.664032 0.0719064 0.744238 124.52 -0.0368763 0.997303 -0.0634547 -8.45135 -0.746794 0.0146913 0.664893 88.1183
0.667309 0.0765466 0.740837 125.156 -0.0423314 0.996994 -0.0648839 -8.50127 -0.743577 0.0119369 0.668543 88.7126
0.670261 0.0806127 0.737734 125.799 -0.0491293 0.996722 -0.0642766 -8.54566 -0.740497 0.00683778 0.672024 89.3178
0.672993 0.0770361 0.735626 126.442 -0.0487091 0.997018 -0.0598476 -8.5881 -0.738043 0.00444537 0.674739 89.9245
0.676543 0.0747189 0.732603 127.1 -0.052073 0.997203 -0.0536175 -8.62655 -0.73456 -0.00187426 0.678542 90.5465
0.679804 0.0688275 0.730157 127.75 -0.0509844 0.997613 -0.0465705 -8.6691 -0.731619 -0.00556776 0.681691 91.1759
0.684474 0.064819 0.72615 128.404 -0.0492776 0.997875 -0.0426249 -8.71198 -0.72737 -0.00660727 0.686214 91.7973
0.689245 0.062385 0.721838 129.063 -0.0439896 0.998051 -0.0442536 -8.74405 -0.723192 -0.0012518 0.690646 92.4185
0.694268 0.0593101 0.717269 129.714 -0.0334697 0.998181 -0.050142 -8.77927 -0.718938 0.0108052 0.69499 93.0435
0.699783 0.061051 0.711742 130.361 -0.0276578 0.99791 -0.0584045 -8.8183 -0.71382 0.0211853 0.700009 93.6702
0.705133 0.0612917 0.706421 131.001 -0.0247766 0.997779 -0.0618394 -8.86648 -0.708642 0.0261023 0.705085 94.3209
0.711211 0.0568886 0.700673 131.64 -0.0224599 0.99805 -0.0582354 -8.91667 -0.70262 0.0256806 0.711102 94.9634
0.71711 0.0510312 0.69509 132.286 -0.0176421 0.998325 -0.0550928 -8.96956 -0.696737 0.0272447 0.716809 95.6255
0.72219 0.0477848 0.690042 132.912 -0.0129048 0.998368 -0.0556301 -9.01371 -0.691574 0.0312707 0.721628 96.2929
0.726713 0.0499047 0.685126 133.548 -0.0108154 0.998065 -0.0612273 -9.06192 -0.686856 0.0370848 0.725847 96.9661
0.730573 0.0512066 0.680911 134.176 -0.011394 0.99796 -0.0628245 -9.10792 -0.682739 0.0381396 0.729666 97.6394
0.733811 0.0483835 0.677628 134.813 -0.00898013 0.998064 -0.0615383 -9.15761 -0.679294 0.0390723 0.732825 98.3248
0.736541 0.0426073 0.67505 135.45 -0.00520317 0.998341 -0.0573354 -9.20699 -0.676373 0.0387175 0.735541 99.0082
0.738047 0.0377407 0.673693 136.085 -0.000934528 0.998491 -0.0549123 -9.24738 -0.674749 0.0398983 0.736968 99.6876
0.738887 0.0326342 0.673038 136.725 0.0029305 0.998661 -0.0516402 -9.29394 -0.673823 0.0401286 0.737803 100.379
0.739265 0.0320894 0.67265 137.357 0.00318788 0.998686 -0.0511468 -9.32826 -0.673407 0.0399554 0.738191 101.077
0.738858 0.0320391 0.673099 137.985 0.00198728 0.998761 -0.0497219 -9.37973 -0.673859 0.038075 0.737879 101.783
0.738371 0.0343809 0.673518 138.615 0.000282027 0.998684 -0.0512887 -9.42271 -0.674395 0.03806 0.737389 102.482
0.737088 0.0385071 0.674699 139.234 -0.00404397 0.998609 -0.0525756 -9.46813 -0.675785 0.0360244 0.736218 103.173
0.734941 0.0424807 0.6768 139.867 -0.00737263 0.998477 -0.0546654 -9.509 -0.678091 0.0351861 0.734135 103.881
0.732835 0.0453433 0.678894 140.499 -0.0117161 0.99847 -0.0540407 -9.55725 -0.680305 0.0316489 0.732245 104.578
0.730566 0.0464255 0.681263 141.131 -0.0135872 0.998477 -0.053472 -9.60576 -0.682707 0.0298083 0.730084 105.279
0.728505 0.0455137 0.683527 141.768 -0.0144338 0.998589 -0.0511089 -9.65526 -0.684888 0.0273672 0.728134 105.956
0.726036 0.0441273 0.686239 142.411 -0.0151185 0.998722 -0.0482257 -9.69488 -0.68749 0.0246387 0.725776 106.651
0.723274 0.0401053 0.689396 143.057 -0.0112394 0.998864 -0.0463167 -9.74374 -0.69047 0.0257513 0.722903 107.329
0.720739 0.0442216 0.691795 143.7 -0.0115434 0.99859 -0.0518065 -9.78725 -0.693111 0.0293532 0.720233 107.996
0.716981 0.0546785 0.694945 144.325 -0.0174085 0.998013 -0.0605633 -9.83343 -0.696876 0.0313248 0.716507 108.663
0.713441 0.0616862 0.697995 144.958 -0.0203918 0.997523 -0.0673143 -9.88226 -0.700419 0.0337914 0.712932 109.334
0.709737 0.0600165 0.701906 145.594 -0.0220923 0.997771 -0.0629756 -9.93773 -0.70412 0.0291895 0.709481 109.989
0.70604 0.0588478 0.705723 146.242 -0.0255354 0.998009 -0.0576737 -9.98836 -0.707711 0.022699 0.706137 110.646
0.702208 0.0572947 0.709662 146.874 -0.027628 0.998199 -0.0532518 -10.0324 -0.711435 0.0177873 0.702527 111.291
0.699071 0.0574514 0.71274 147.519 -0.0270594 0.998179 -0.0539192 -10.0723 -0.71454 0.0184071 0.699353 111.929
0.696281 0.0556721 0.715607 148.177 -0.0253065 0.998272 -0.0530396 -10.1271 -0.717323 0.0188209 0.696486 112.559
0.69334 0.0547596 0.718527 148.824 -0.0214421 0.998235 -0.055386 -10.1753 -0.720291 0.0229946 0.69329 113.18
0.689859 0.053891 0.721935 149.472 -0.0179782 0.998193 -0.0573337 -10.2245 -0.72372 0.0265731 0.689582 113.797
0.686018 0.0548877 0.725511 150.126 -0.015388 0.998022 -0.0609539 -10.2701 -0.727422 0.0306513 0.685506 114.419
0.682053 0.0550402 0.729229 150.783 -0.0156519 0.998034 -0.0606895 -10.323 -0.731135 0.0299796 0.681574 115.032
0.677979 0.0571794 0.732854 151.446 -0.0182255 0.997971 -0.0610039 -10.3683 -0.734855 0.0280027 0.677646 115.654
0.673413 0.0566835 0.73709 152.116 -0.0173616 0.997994 -0.0608857 -10.4189 -0.739063 0.0282042 0.673046 116.26
0.667691 0.0591683 0.742083 152.783 -0.0193798 0.99788 -0.0621267 -10.4616 -0.744186 0.0271001 0.667423 116.872
0.661221 0.0667784 0.747213 153.455 -0.0237821 0.997396 -0.068092 -10.5162 -0.749814 0.0272536 0.661087 117.495
0.654989 0.0722338 0.752178 154.129 -0.0265329 0.997005 -0.0726407 -10.5701 -0.755173 0.0276214 0.654944 118.092
0.649044 0.0745125 0.757093 154.824 -0.0263035 0.996795 -0.0755541 -10.6265 -0.760296 0.0291237 0.648923 118.686
0.642166 0.0692618 0.763431 155.53 -0.0273409 0.997346 -0.0674855 -10.6842 -0.766078 0.022464 0.642355 119.288
0.635333 0.0654151 0.769462 156.243 -0.033129 0.997797 -0.0574727 -10.7351 -0.771527 0.0110228 0.636101 119.891
0.627963 0.0607211 0.775871 156.964 -0.0330538 0.998133 -0.0513632 -10.7908 -0.777541 0.00660868 0.628798 120.49
0.62093 0.0618243 0.781424 157.689 -0.037662 0.998086 -0.0490393 -10.8293 -0.782961 0.00101994 0.62207 121.075
0.612914 0.0634602 0.787597 158.419 -0.0366648 0.99798 -0.051879 -10.871 -0.789299 0.00292023 0.614002 121.649
0.606179 0.0633768 0.792799 159.156 -0.0309705 0.997945 -0.056096 -10.9164 -0.794725 0.00945079 0.606896 122.213
0.599327 0.072318 0.797231 159.914 -0.0304016 0.997249 -0.0676072 -10.9617 -0.799927 0.0162817 0.599877 122.785
0.592218 0.0729826 0.802466 160.678 -0.0263351 0.997111 -0.0712499 -11.0196 -0.805348 0.0210624 0.592429 123.336
0.585411 0.0691583 0.807782 161.444 -0.0238769 0.997394 -0.0680881 -11.0815 -0.810385 0.0205722 0.585537 123.889
0.578117 0.0632507 0.813499 162.206 -0.0199544 0.997789 -0.0633988 -11.1388 -0.81571 0.0204191 0.578101 124.432
0.570755 0.0626417 0.818728 162.969 -0.0199412 0.997849 -0.0624449 -11.1966 -0.820878 0.0193143 0.570776 124.974
0.563899 0.0639931 0.82336 163.733 -0.020824 0.997778 -0.0632873 -11.2478 -0.825581 0.018542 0.563979 125.5
0.557868 0.0618295 0.827624 164.49 -0.0161549 0.997841 -0.0636566 -11.3022 -0.829773 0.0221418 0.557662 126.016
0.553046 0.0556225 0.831292 165.248 -0.0108896 0.998166 -0.0595435 -11.358 -0.83308 0.0238778 0.552637 126.508
0.548032 0.0529642 0.834779 166.003 -0.010486 0.99835 -0.0564582 -11.4155 -0.836392 0.0221874 0.547683 127.007
0.543761 0.0522292 0.837613 166.75 -0.0125306 0.998456 -0.0541239 -11.4644 -0.839146 0.0189347 0.543576 127.496
0.538731 0.0541982 0.840733 167.489 -0.0126528 0.998336 -0.0562504 -11.514 -0.842383 0.0196662 0.538521 127.983
0.535127 0.0569709 0.842848 168.227 -0.0115817 0.998124 -0.0601133 -11.5632 -0.844692 0.0224066 0.534783 128.457
0.532006 0.0627977 0.844409 168.952 -0.0120312 0.997706 -0.0666182 -11.6109 -0.846655 0.025282 0.531541 128.915
0.528663 0.0654222 0.846307 169.667 -0.0144722 0.997575 -0.0680753 -11.6671 -0.848708 0.023741 0.528328 129.367
0.525873 0.0607097 0.848394 170.393 -0.0140016 0.997932 -0.0627316 -11.721 -0.850448 0.0211099 0.525635 129.825
