1 0 0 0 0 1 0 0 0 0 1 0
0.999997 -0.00229459 0.000555212 0.00419397 0.00229511 0.999997 -0.000934035 0.00951672 -0.00055307 0.000935305 0.999999 0.955848
0.999992 -0.00384512 0.000684005 0.00361306 0.00384281 0.999987 0.00334258 0.010569 -0.000696872 -0.00333993 0.999994 1.90499
0.99998 -0.00633893 0.000276937 0.00319033 0.00633589 0.999931 0.00986518 0.00851143 -0.000339453 -0.00986322 0.999951 2.85307
0.999945 -0.010394 -0.00167017 0.0118513 0.0104103 0.999895 0.0100497 0.0148112 0.00156556 -0.0100666 0.999948 3.79545
0.99991 -0.012964 -0.00347254 0.0260539 0.0129872 0.999893 0.00674962 0.0288125 0.00338466 -0.00679412 0.999971 4.74635
0.999887 -0.0141932 -0.00485767 0.0343451 0.0142082 0.999894 0.0030811 0.0421228 0.00481343 -0.00314976 0.999983 5.69754
0.999894 -0.0134894 -0.00546405 0.0322237 0.0135033 0.999906 0.00250245 0.0453673 0.00542978 -0.00257596 0.999982 6.64414
0.999895 -0.0129173 -0.00660076 0.0305147 0.0129427 0.999909 0.0038118 0.0629549 0.00655092 -0.00389683 0.999971 7.62083
0.999898 -0.0128534 -0.00616888 -0.00725091 0.012895 0.999894 0.00676542 0.0669758 0.00608126 -0.0068443 0.999958 8.55378
0.999889 -0.013177 -0.00691426 -0.021237 0.0132327 0.99988 0.00808024 0.0755322 0.00680694 -0.00817085 0.999943 9.47934
0.999864 -0.0144691 -0.00792694 -0.0250428 0.014537 0.999858 0.00856874 0.0861651 0.00780181 -0.00868282 0.999932 10.3926
0.999857 -0.0143669 -0.00897259 -0.0353872 0.0144374 0.999865 0.00784259 0.107628 0.00885872 -0.00797099 0.999929 11.3599
0.999853 -0.0143438 -0.00936325 -0.0498019 0.0144115 0.99987 0.00720226 0.0971828 0.00925872 -0.00733615 0.99993 12.2474
0.999831 -0.0150588 -0.0105539 -0.069431 0.015114 0.999872 0.00516556 0.107285 0.0104747 -0.00532421 0.999931 13.1507
0.999794 -0.0162937 -0.0121192 -0.0810595 0.0163393 0.99986 0.00367361 0.117307 0.0120577 -0.00387088 0.99992 14.05
0.999782 -0.0158137 -0.013628 -0.0995863 0.0158587 0.999869 0.00319565 0.117082 0.0135757 -0.0034111 0.999902 14.9523
0.999775 -0.0149254 -0.0150477 -0.120888 0.0149669 0.999884 0.00264738 0.114601 0.0150064 -0.00287197 0.999883 15.8507
0.999767 -0.0137474 -0.0166135 -0.142872 0.0137971 0.999901 0.00288138 0.117126 0.0165723 -0.0031099 0.999858 16.7457
0.999732 -0.0144388 -0.0180752 -0.162213 0.0145075 0.999888 0.00367317 0.12117 0.0180202 -0.00393444 0.99983 17.6403
0.999713 -0.0139538 -0.01948 -0.188586 0.0140571 0.999888 0.00517708 0.123845 0.0194056 -0.00544942 0.999797 18.5242
0.999692 -0.0134333 -0.0208579 -0.211341 0.01355 0.999893 0.00546112 0.128916 0.0207823 -0.00574205 0.999768 19.4078
0.999642 -0.0146228 -0.0224144 -0.234203 0.0147581 0.999874 0.00588161 0.129636 0.0223256 -0.0062103 0.999731 20.2884
0.999622 -0.0144808 -0.0233575 -0.26858 0.014594 0.999883 0.00468433 0.139594 0.0232869 -0.00502347 0.999716 21.1521
0.999586 -0.0145582 -0.0248305 -0.291472 0.0146808 0.999881 0.0047608 0.14619 0.0247583 -0.00512335 0.99968 22.0134
0.99957 -0.0141051 -0.02571 -0.318057 0.0142825 0.999875 0.00672632 0.151491 0.0256119 -0.00709064 0.999647 22.8709
0.999533 -0.0151497 -0.0265487 -0.340149 0.0154247 0.999829 0.0101838 0.14942 0.0263899 -0.0105886 0.999596 23.7188
0.999501 -0.0153383 -0.0275991 -0.361394 0.0156695 0.999807 0.011825 0.155841 0.0274124 -0.0122516 0.999549 24.5561
0.999491 -0.0145608 -0.0283952 -0.387247 0.0148645 0.999834 0.0105142 0.162048 0.0282374 -0.0109309 0.999541 25.3779
0.999491 -0.0127743 -0.0292235 -0.415401 0.0130024 0.999886 0.00762817 0.170518 0.0291228 -0.00800428 0.999544 26.1864
0.999471 -0.0121337 -0.0301569 -0.441323 0.0123166 0.999907 0.00588701 0.178011 0.0300827 -0.00625535 0.999528 26.9901
0.999448 -0.0114638 -0.0311775 -0.472374 0.0116472 0.999916 0.00570767 0.179916 0.0311095 -0.00606766 0.999498 27.7773
0.999407 -0.0119957 -0.0322652 -0.502786 0.0121773 0.999911 0.00543851 0.178708 0.0321971 -0.00582818 0.999465 28.559
0.999342 -0.0117983 -0.0343045 -0.533013 0.0119574 0.999919 0.00443763 0.182762 0.0342494 -0.00484491 0.999402 29.3322
0.999274 -0.0119737 -0.03618 -0.564337 0.012135 0.999917 0.00424073 0.186696 0.0361262 -0.00467671 0.999336 30.101
0.999193 -0.0121638 -0.0382747 -0.590663 0.0123893 0.999907 0.0056594 0.186822 0.0382023 -0.00612902 0.999251 30.8611
0.999112 -0.0123995 -0.0402602 -0.624778 0.0127302 0.999887 0.00796686 0.189675 0.0401569 -0.00847229 0.999157 31.6098
0.99903 -0.0114311 -0.0425253 -0.654756 0.0118338 0.999887 0.00923015 0.198501 0.042415 -0.00972444 0.999053 32.3576
0.998958 -0.0113269 -0.0442003 -0.696895 0.0117839 0.99988 0.0100938 0.189202 0.0440806 -0.0106041 0.998972 33.0841
0.998904 -0.00880097 -0.0459624 -0.738452 0.00922172 0.999917 0.00895017 0.198138 0.0458798 -0.00936422 0.998903 33.7943
0.998836 -0.0073329 -0.0476757 -0.777819 0.00774601 0.999934 0.00848587 0.200307 0.0476104 -0.00884529 0.998827 34.4994
0.998772 -0.00626397 -0.0491543 -0.815079 0.00672986 0.999934 0.00931842 0.210425 0.0490926 -0.00963778 0.998748 35.2045
0.998731 -0.00486892 -0.0501242 -0.859261 0.00545202 0.999919 0.0115031 0.21141 0.0500642 -0.0117618 0.998677 35.895
0.998713 -0.00213866 -0.0506711 -0.892803 0.00275652 0.999923 0.0121264 0.216028 0.0506413 -0.0122505 0.998642 36.5747
0.99878 0.000954521 -0.0493722 -0.935836 -0.000469095 0.999951 0.00984242 0.222798 0.0493792 -0.00980725 0.998732 37.2349
0.998851 0.0027412 -0.0478487 -0.970159 -0.00241898 0.999974 0.00679066 0.227599 0.0478661 -0.00666711 0.998832 37.8838
0.998931 0.00307349 -0.0461336 -0.996182 -0.00286293 0.999985 0.00462968 0.240666 0.0461472 -0.00449265 0.998925 38.5301
0.999064 0.00395202 -0.0430738 -1.02437 -0.00371425 0.999977 0.00559863 0.242916 0.0430949 -0.0054334 0.999056 39.1687
0.999174 0.00868446 -0.0397008 -1.06228 -0.00837476 0.999933 0.00796024 0.249164 0.0397673 -0.00762117 0.99918 39.8006
0.99928 0.0128509 -0.0356965 -1.09295 -0.012447 0.999856 0.0115139 0.252463 0.0358393 -0.0110613 0.999296 40.4216
0.999348 0.017986 -0.0313146 -1.12318 -0.017602 0.999767 0.0124936 0.256637 0.031532 -0.0119342 0.999431 41.0223
0.99943 0.0214653 -0.0260505 -1.14367 -0.021138 0.999695 0.0127757 0.26389 0.0263168 -0.0122178 0.999579 41.6071
0.999468 0.02577 -0.0199731 -1.16405 -0.0254901 0.999575 0.0141433 0.279673 0.020329 -0.0136266 0.9997 42.1842
0.999442 0.0305708 -0.0134423 -1.17733 -0.0303597 0.999417 0.0156411 0.277119 0.0139126 -0.0152242 0.999787 42.7284
0.9994 0.0340315 -0.00641584 -1.18645 -0.0339288 0.999304 0.015494 0.279652 0.00693867 -0.015267 0.999859 43.2568
0.999306 0.0372415 0.000815572 -1.18702 -0.0372497 0.999183 0.0156847 0.282541 -0.000230789 -0.0157042 0.999877 43.7644
0.999092 0.0418113 0.00824391 -1.18712 -0.0419352 0.999 0.0154849 0.283166 -0.00758821 -0.0158165 0.999846 44.2519
0.998817 0.0458828 0.0161025 -1.18871 -0.0460929 0.998854 0.0129257 0.287519 -0.015491 -0.0136526 0.999787 44.7189
0.998552 0.0482376 0.0238206 -1.17836 -0.0484816 0.998776 0.00977493 0.291548 -0.02332 -0.0109156 0.999668 45.1656
0.998312 0.0486511 0.031711 -1.16431 -0.0489709 0.998756 0.00938829 0.298918 -0.0312148 -0.0109254 0.999453 45.5958
0.998072 0.0476585 0.0397693 -1.14296 -0.0481269 0.998782 0.0109054 0.298218 -0.0392011 -0.0127983 0.999149 45.9924
0.997631 0.0497194 0.047546 -1.12082 -0.0503322 0.998663 0.0117781 0.300586 -0.0468968 -0.0141433 0.9988 46.3773
0.997011 0.0524452 0.0567289 -1.1113 -0.0532004 0.998513 0.0118843 0.30331 -0.0560213 -0.0148668 0.998319 46.7274
0.996229 0.0572879 0.0651657 -1.08493 -0.0581356 0.998246 0.0111853 0.306468 -0.0644106 -0.0149316 0.997812 47.0521
0.99536 0.0612103 0.0742451 -1.06493 -0.0622067 0.998001 0.0111818 0.306182 -0.0734122 -0.0157484 0.997177 47.359
0.994655 0.0603723 0.0837667 -1.0389 -0.0616068 0.998026 0.0122303 0.301913 -0.082863 -0.0173255 0.99641 47.6374
0.993785 0.0591018 0.0943289 -1.00263 -0.0603398 0.998125 0.0103235 0.3038 -0.0935419 -0.0159511 0.995488 47.9083
0.992677 0.0576864 0.106134 -0.965485 -0.0586413 0.998262 0.00589578 0.304157 -0.105609 -0.0120764 0.994334 48.1797
0.991136 0.0585074 0.119273 -0.921963 -0.0591211 0.99825 0.00161022 0.308094 -0.11897 -0.0086475 0.99286 48.4416
0.989053 0.0601624 0.13474 -0.88272 -0.0606264 0.99816 -0.000660908 0.308371 -0.134532 -0.00751516 0.990881 48.6974
0.986588 0.0621477 0.150938 -0.834483 -0.0625882 0.998038 -0.00183497 0.304876 -0.150756 -0.00763659 0.988541 48.9444
0.983832 0.0625002 0.167833 -0.779901 -0.0628875 0.998016 -0.00301177 0.306986 -0.167689 -0.00759154 0.985811 49.2031
0.980631 0.0618248 0.185852 -0.720254 -0.062105 0.99806 -0.00431977 0.30551 -0.185759 -0.00730624 0.982568 49.4507
0.976807 0.0608632 0.205292 -0.653091 -0.0612395 0.998113 -0.00452666 0.302331 -0.20518 -0.00815029 0.97869 49.6821
0.972342 0.0610434 0.225441 -0.5837 -0.0613837 0.998099 -0.00550664 0.29835 -0.225349 -0.00848408 0.974241 49.9288
0.967087 0.0634575 0.246405 -0.506068 -0.0634371 0.997954 -0.00802908 0.303157 -0.24641 -0.00786639 0.969134 50.1796
0.960842 0.0646779 0.269441 -0.430635 -0.0644298 0.997874 -0.00977418 0.292238 -0.269501 -0.00796859 0.962967 50.4168
0.953644 0.0661538 0.293577 -0.332018 -0.0658334 0.99777 -0.0109842 0.289975 -0.293649 -0.00885218 0.955872 50.6607
0.94513 0.0691133 0.3193 -0.23851 -0.0689937 0.997548 -0.0117003 0.28276 -0.319326 -0.0109713 0.947581 50.8956
0.935364 0.0710457 0.346476 -0.128825 -0.0709669 0.997395 -0.0129322 0.27581 -0.346492 -0.0124921 0.93797 51.1352
0.924245 0.0715379 0.375037 -0.0132903 -0.0714137 0.997345 -0.0142497 0.269319 -0.375061 -0.0136126 0.9269 51.3678
0.911576 0.0699949 0.405129 0.119824 -0.069335 0.99746 -0.0163233 0.261394 -0.405243 -0.0132097 0.914114 51.6009
0.896789 0.0671059 0.43734 0.267238 -0.0653687 0.997679 -0.0190429 0.255536 -0.437603 -0.0115108 0.899095 51.8267
0.879578 0.0661902 0.471128 0.421123 -0.0625642 0.997767 -0.0233744 0.24846 -0.471623 -0.00891619 0.881755 52.0418
0.860337 0.0679262 0.505179 0.596105 -0.0620505 0.997667 -0.0284719 0.243025 -0.505935 -0.00685122 0.862545 52.2786
0.838517 0.0699605 0.540366 0.777123 -0.0619506 0.997533 -0.0330169 0.234867 -0.541343 -0.00579076 0.840782 52.5067
0.813968 0.072838 0.576325 0.970006 -0.0631494 0.997323 -0.0368567 0.227551 -0.577467 -0.00639441 0.816389 52.7323
0.786702 0.0768761 0.612528 1.17892 -0.0664368 0.996997 -0.0398011 0.214555 -0.613748 -0.00938281 0.789446 52.9535
0.75681 0.0810422 0.648592 1.40872 -0.0701266 0.996624 -0.042702 0.201199 -0.649862 -0.0131662 0.759938 53.1908
0.724058 0.0816163 0.684893 1.66292 -0.0695856 0.996552 -0.0451908 0.181859 -0.68622 -0.0149379 0.727241 53.4114
0.687384 0.0789021 0.721996 1.94482 -0.0659607 0.996755 -0.0461301 0.163479 -0.723293 -0.0159142 0.690358 53.6423
0.648205 0.0780362 0.757456 2.246 -0.0638199 0.996803 -0.0480798 0.147643 -0.758786 -0.0171752 0.651113 53.8614
0.60562 0.077398 0.791981 2.58021 -0.0619171 0.996825 -0.0500693 0.130878 -0.793342 -0.0187142 0.608489 54.0837
0.559461 0.0771179 0.825261 2.93718 -0.0586809 0.996849 -0.0533712 0.108948 -0.826777 -0.018568 0.562223 54.2905
0.51102 0.0753599 0.856259 3.31448 -0.0552734 0.996969 -0.0547564 0.0832056 -0.85779 -0.0193467 0.513637 54.4866
0.462389 0.0742094 0.883566 3.72962 -0.0542227 0.996993 -0.0553601 0.0669807 -0.885018 -0.0223114 0.465023 54.671
0.41253 0.0714091 0.908141 4.16192 -0.0537738 0.997093 -0.0539765 0.0406558 -0.909355 -0.0265672 0.415171 54.8433
0.362283 0.0712488 0.929341 4.62102 -0.057374 0.996888 -0.0540614 0.019796 -0.930301 -0.0337345 0.365243 55.006
0.312993 0.0717374 0.947042 5.08096 -0.0554752 0.996822 -0.0571738 0.00170497 -0.948134 -0.0346423 0.315978 55.1326
0.266139 0.0679451 0.961537 5.5567 -0.0443694 0.997319 -0.0581928 -0.0314722 -0.962913 -0.0271754 0.26844 55.2162
0.221958 0.0623348 0.973062 6.06628 -0.0315786 0.99789 -0.0567221 -0.055755 -0.974545 -0.018138 0.223459 55.2917
0.179849 0.0613296 0.98178 6.58802 -0.0226792 0.998048 -0.0581913 -0.0832195 -0.983433 -0.0118003 0.180889 55.3534
0.141008 0.0625774 0.988029 7.11393 -0.0199113 0.997978 -0.0603659 -0.111157 -0.989808 -0.0111608 0.141969 55.4095
0.108554 0.0634398 0.992064 7.64846 -0.0112887 0.997976 -0.0625826 -0.139184 -0.994027 -0.00440557 0.10905 55.4344
0.0795884 0.0615172 0.994928 8.19897 -0.00420763 0.998106 -0.0613771 -0.173668 -0.996819 0.000698619 0.0796965 55.4528
0.0542652 0.0596157 0.996745 8.76655 0.00269394 0.998204 -0.0598496 -0.207843 -0.998523 0.00593293 0.0540072 55.4692
0.0344389 0.0590319 0.997662 9.34242 0.0075037 0.99821 -0.0593234 -0.229534 -0.999379 0.0095292 0.0339343 55.4678
0.0185424 0.0607747 0.997979 9.92696 0.0104133 0.998085 -0.0609746 -0.254766 -0.999774 0.0115228 0.017874 55.4677
0.00513824 0.060647 0.998146 10.5262 0.0107264 0.998098 -0.0606993 -0.289313 -0.999929 0.0110184 0.00447794 55.4651
-0.00642555 0.0615601 0.998083 11.1387 0.0115546 0.998041 -0.0614832 -0.324474 -0.999913 0.0111374 -0.00712427 55.4571
-0.0153665 0.0643549 0.997809 11.7546 0.0166604 0.997804 -0.064098 -0.357649 -0.999743 0.015639 -0.0164049 55.4375
-0.0218988 0.0660977 0.997573 12.3918 0.0206911 0.997629 -0.0656471 -0.393105 -0.999546 0.0192032 -0.0232145 55.4138
-0.0266743 0.065797 0.997476 13.0318 0.0209672 0.997649 -0.0652477 -0.419427 -0.999424 0.0191739 -0.0279911 55.3958
-0.0302613 0.0632693 0.997538 13.7017 0.0187774 0.997854 -0.0627198 -0.450563 -0.999366 0.0168331 -0.0313844 55.3797
-0.0326058 0.0562975 0.997882 14.3748 0.0170166 0.998299 -0.055765 -0.487603 -0.999323 0.0151622 -0.0335083 55.36
-0.0338487 0.0507998 0.998135 15.0646 0.0183733 0.99857 -0.0501988 -0.517634 -0.999258 0.0166399 -0.0347337 55.335
-0.034546 0.0478549 0.998257 15.7579 0.0205952 0.998675 -0.0471623 -0.555591 -0.999191 0.01893 -0.0354858 55.3083
-0.0344185 0.0501484 0.998149 16.4498 0.0235958 0.998503 -0.0493526 -0.589601 -0.999129 0.0218534 -0.0355503 55.2827
-0.0334106 0.057362 0.997794 17.1477 0.0246291 0.998096 -0.0565547 -0.621932 -0.999138 0.0226853 -0.0347597 55.2571
-0.0314348 0.0658968 0.997331 17.8606 0.025617 0.99755 -0.0651038 -0.647867 -0.999178 0.0235021 -0.0330458 55.2395
-0.0292231 0.0662342 0.997376 18.5805 0.0267046 0.997498 -0.0654598 -0.686452 -0.999216 0.0247216 -0.0309188 55.2198
-0.0270531 0.0620447 0.997707 19.3289 0.0255371 0.997789 -0.0613573 -0.723096 -0.999308 0.0238186 -0.0285777 55.2003
-0.0246574 0.0552622 0.998167 20.0711 0.0250744 0.998191 -0.0546441 -0.77203 -0.999381 0.0236811 -0.0259984 55.1884
-0.0216142 0.0537842 0.998319 20.81 0.0234025 0.998306 -0.0532768 -0.810192 -0.999493 0.0222116 -0.0228363 55.1755
-0.0182435 0.0593902 0.998068 21.5467 0.0308129 0.997793 -0.0588107 -0.848234 -0.999359 0.0296805 -0.0200332 55.1556
-0.0150349 0.0647359 0.997789 22.2764 0.0330164 0.99739 -0.0642125 -0.887089 -0.999342 0.0319779 -0.017133 55.1417
-0.0127368 0.0652256 0.997789 23.0119 0.0266926 0.997537 -0.0648683 -0.929015 -0.999563 0.0258074 -0.0144465 55.1489
-0.00975115 0.0619291 0.998033 23.7521 0.0224806 0.997842 -0.0616976 -0.969361 -0.9997 0.0218347 -0.0111223 55.1557
-0.00474945 0.058233 0.998292 24.4902 0.0264695 0.99796 -0.0580877 -1.01452 -0.999638 0.0261484 -0.00628116 55.1436
-0.0010939 0.0591171 0.99825 25.2301 0.0311724 0.997768 -0.0590544 -1.05911 -0.999513 0.0310533 -0.00293428 55.137
0.00111847 0.0636687 0.997971 25.9685 0.0308456 0.997494 -0.0636729 -1.108 -0.999524 0.0308542 -0.000848228 55.1475
0.00544399 0.064751 0.997887 26.7129 0.027061 0.997526 -0.0648752 -1.14088 -0.999619 0.027357 0.0036783 55.1567
0.00922182 0.0642465 0.997892 27.46 0.0266282 0.997564 -0.0644715 -1.18658 -0.999603 0.0271666 0.00748859 55.1646
0.012903 0.0609986 0.998054 28.2066 0.0305878 0.997646 -0.0613691 -1.23327 -0.999449 0.0313201 0.0110068 55.1729
0.0161419 0.0612697 0.997991 28.9466 0.0351916 0.997468 -0.0618067 -1.28133 -0.99925 0.0361186 0.0139448 55.1874
0.0201088 0.0621896 0.997862 29.7065 0.0384154 0.997279 -0.0629274 -1.33048 -0.999059 0.0395987 0.017665 55.1927
0.0225672 0.0622601 0.997805 30.4535 0.0385712 0.997262 -0.0630986 -1.37224 -0.999001 0.0399105 0.020104 55.2158
0.0263045 0.060316 0.997833 31.2101 0.0401822 0.997307 -0.0613435 -1.42265 -0.998846 0.0417087 0.0238101 55.2342
0.029794 0.0595064 0.997783 31.9551 0.0422367 0.99726 -0.0607364 -1.46735 -0.998663 0.0439527 0.027199 55.254
0.0325181 0.0597021 0.997686 32.7097 0.0402596 0.997326 -0.0609927 -1.51233 -0.99866 0.0421499 0.0300276 55.2852
0.0354838 0.0613104 0.997488 33.4715 0.0375796 0.997329 -0.0626374 -1.55691 -0.998664 0.0397079 0.033085 55.3189
0.0384652 0.0611523 0.997387 34.2249 0.0393709 0.997258 -0.0626628 -1.6011 -0.998484 0.0416783 0.0359521 55.3437
0.0407552 0.0611178 0.997298 34.9785 0.0372576 0.99734 -0.0626429 -1.64168 -0.998474 0.03971 0.0383697 55.3881
0.0433243 0.0613433 0.997176 35.7417 0.0353057 0.997396 -0.0628908 -1.68439 -0.998437 0.0379307 0.0410457 55.4227
0.0462262 0.060761 0.997081 36.5016 0.0327243 0.997521 -0.0623049 -1.74142 -0.998395 0.0355089 0.0441232 55.4643
0.0495661 0.0629933 0.996782 37.2701 0.0313449 0.997419 -0.0645922 -1.78083 -0.998279 0.0344456 0.0474637 55.5071
0.0523914 0.0673098 0.996356 38.0368 0.0297737 0.997177 -0.0689308 -1.82119 -0.998183 0.0332766 0.0502394 55.5593
0.0561364 0.0692058 0.996022 38.8076 0.0301031 0.997024 -0.0709721 -1.8726 -0.997969 0.0339675 0.053886 55.6025
0.0588633 0.071239 0.995721 39.5802 0.0242182 0.997055 -0.0727661 -1.92338 -0.997972 0.0283978 0.0569646 55.6611
0.0619384 0.0707009 0.995573 40.3634 0.0203999 0.99719 -0.0720849 -1.96886 -0.997871 0.0247744 0.0603221 55.7186
0.0656055 0.0711458 0.995306 41.1423 0.0227879 0.997088 -0.0727752 -2.02071 -0.997585 0.0274554 0.0637932 55.7765
0.0688438 0.0715356 0.995059 41.9281 0.0220113 0.997074 -0.0732033 -2.08739 -0.997385 0.0269421 0.0670678 55.8458
0.0725567 0.0729708 0.994691 42.7158 0.0182403 0.997056 -0.0744748 -2.13217 -0.997198 0.0235471 0.0710121 55.9152
0.0766109 0.0713425 0.994505 43.5049 0.0173088 0.997191 -0.0728685 -2.17942 -0.996911 0.0227962 0.0751609 55.9831
0.0809634 0.0704274 0.994226 44.3034 0.0173245 0.99725 -0.0720524 -2.24983 -0.996566 0.0230581 0.0795206 56.0591
0.0861857 0.0744539 0.993493 45.1 0.0135414 0.997024 -0.0758932 -2.29802 -0.996187 0.0199942 0.084921 56.1361
0.0920531 0.0833065 0.992263 45.8947 0.0116298 0.996336 -0.0847274 -2.35318 -0.995686 0.0193392 0.090747 56.2181
0.0996711 0.0876842 0.991149 46.6967 0.0102362 0.995966 -0.0891398 -2.41755 -0.994968 0.0190303 0.0983715 56.3028
0.106873 0.0909869 0.990101 47.4923 0.00598339 0.995727 -0.0921497 -2.47966 -0.994255 0.0157724 0.105871 56.4012
0.113444 0.0895446 0.989501 48.2932 0.00193276 0.995908 -0.090346 -2.54278 -0.993543 0.0121617 0.112807 56.5131
0.120955 0.0878837 0.98876 49.1031 0.00195535 0.99605 -0.0887708 -2.61074 -0.992656 0.0126707 0.120306 56.6183
0.128998 0.0838787 0.988091 49.9274 0.00161716 0.996397 -0.0847949 -2.68446 -0.991643 0.0125363 0.128398 56.723
0.135895 0.0783067 0.987624 50.7348 -0.000593942 0.996878 -0.0789588 -2.75123 -0.990723 0.0101435 0.135518 56.8525
0.142943 0.0710693 0.987176 51.5491 -0.00375145 0.99745 -0.0712658 -2.81115 -0.989724 0.0064836 0.142845 56.9765
0.150205 0.0682165 0.986299 52.3583 -0.00357919 0.997648 -0.0684563 -2.87374 -0.988648 0.00675236 0.150096 57.1134
0.157383 0.0702606 0.985035 53.161 -0.00415535 0.997504 -0.0704861 -2.92961 -0.987529 0.00700016 0.157282 57.2494
0.163423 0.0765866 0.983579 53.9475 -0.00353622 0.997021 -0.0770458 -2.98819 -0.98655 0.00911292 0.163207 57.3807
0.168178 0.080756 0.982443 54.729 -0.0053022 0.996698 -0.0810201 -3.03807 -0.985742 0.00841668 0.168051 57.5247
0.17387 0.0833558 0.981234 55.4972 -0.00630182 0.996485 -0.0835347 -3.09999 -0.984748 0.00834058 0.173784 57.6584
0.178744 0.0825435 0.980427 56.2621 -0.00919377 0.996571 -0.0822265 -3.17157 -0.983853 0.00568369 0.17889 57.8124
0.183585 0.0799108 0.97975 57.022 -0.00561694 0.996759 -0.0802455 -3.23229 -0.982988 0.00922866 0.183439 57.9623
0.188236 0.0735716 0.979364 57.7854 -0.00420175 0.997241 -0.074107 -3.27919 -0.982115 0.00983457 0.188026 58.1103
0.191604 0.0672989 0.979162 58.533 -0.00581152 0.997707 -0.0674363 -3.33553 -0.981455 0.00723065 0.191556 58.2614
0.194765 0.0641488 0.97875 59.2674 -0.00983508 0.997937 -0.0634492 -3.38767 -0.980801 0.0027316 0.194994 58.421
0.198232 0.0636513 0.978086 59.9919 -0.0112201 0.997971 -0.0626714 -3.44025 -0.980091 0.00144924 0.198544 58.5701
0.200051 0.0665206 0.977525 60.7114 -0.0135283 0.997785 -0.0651307 -3.48009 -0.979692 -0.000194795 0.200508 58.7309
0.201439 0.0705886 0.976954 61.4083 -0.0177534 0.997499 -0.0684125 -3.53191 -0.97934 -0.0035633 0.202189 58.8858
0.203841 0.0747134 0.976149 62.0994 -0.0186746 0.997199 -0.0724249 -3.58082 -0.978826 -0.00346601 0.204665 59.0345
0.20555 0.0800866 0.975364 62.7826 -0.0191426 0.996784 -0.0778113 -3.62771 -0.978459 -0.00267693 0.206422 59.1897
0.207445 0.0820342 0.974801 63.464 -0.0185537 0.996628 -0.0799228 -3.67953 -0.978071 -0.00150666 0.208267 59.3349
0.208721 0.0821699 0.974517 64.1241 -0.0206302 0.996612 -0.0796143 -3.72897 -0.977758 -0.00348729 0.209709 59.4871
0.209457 0.0788173 0.974636 64.7856 -0.0205661 0.996881 -0.0761963 -3.78584 -0.977601 -0.00408455 0.210425 59.6312
0.209969 0.0766722 0.974697 65.4391 -0.0209479 0.997044 -0.0739175 -3.83348 -0.977484 -0.00489749 0.210955 59.776
0.2099 0.0749293 0.974847 66.0854 -0.0195838 0.997181 -0.0724292 -3.88557 -0.977527 -0.00388826 0.210776 59.917
0.208666 0.0740016 0.975183 66.7266 -0.0193504 0.99725 -0.0715356 -3.93157 -0.977796 -0.0039432 0.209524 60.0552
0.206792 0.0748698 0.975516 67.3465 -0.0210441 0.997177 -0.0720713 -3.98297 -0.978158 -0.00562511 0.207784 60.1933
0.204662 0.0779976 0.97572 67.961 -0.0214601 0.996938 -0.0751923 -4.02563 -0.978597 -0.00554999 0.20571 60.3278
0.202422 0.0816825 0.975886 68.5693 -0.0194344 0.996654 -0.0793897 -4.07647 -0.979106 -0.00289562 0.203332 60.4586
0.201136 0.082297 0.9761 69.1704 -0.0173101 0.996608 -0.0804591 -4.12081 -0.97941 -0.000713132 0.201878 60.5742
0.198514 0.0811645 0.976731 69.7601 -0.0177924 0.996699 -0.0792076 -4.16392 -0.979936 -0.00165451 0.199303 60.7021
0.19621 0.078327 0.977429 70.3417 -0.0182863 0.996923 -0.0762185 -4.20895 -0.980391 -0.00291874 0.197038 60.8187
0.193861 0.0742025 0.978219 70.9219 -0.0183209 0.997235 -0.0720142 -4.26063 -0.980858 -0.00396113 0.194684 60.9396
0.192315 0.0731475 0.978603 71.4855 -0.0145433 0.997321 -0.0716886 -4.30667 -0.981225 -0.000445344 0.192864 61.04
0.190404 0.0745978 0.978868 72.0349 -0.0111353 0.997209 -0.0738296 -4.34593 -0.981643 0.00315743 0.190703 61.146
0.187751 0.0767831 0.979211 72.5823 -0.00728622 0.997021 -0.0767826 -4.38383 -0.98219 0.00728128 0.187751 61.2439
0.185795 0.0783078 0.979463 73.1243 -0.00718788 0.996901 -0.0783384 -4.42562 -0.982562 0.00751461 0.185782 61.3569
0.184635 0.0811099 0.979454 73.6668 -0.00796364 0.996679 -0.0810352 -4.46504 -0.982775 0.00716193 0.184668 61.4583
0.183635 0.0793397 0.979787 74.2211 -0.00598604 0.996809 -0.0795962 -4.50846 -0.982976 0.00875157 0.183524 61.5587
0.184422 0.078051 0.979743 74.7704 -9.51253e-05 0.996843 -0.0793954 -4.54579 -0.982847 0.0145491 0.183847 61.6528
0.186243 0.0761655 0.979547 75.3179 0.00477971 0.996909 -0.0784243 -4.58418 -0.982492 0.0192879 0.185303 61.7539
0.188341 0.0752364 0.979218 75.8799 0.00805393 0.996909 -0.0781448 -4.62593 -0.982071 0.0226044 0.187153 61.8621
0.191573 0.0751538 0.978597 76.4315 0.00511785 0.996974 -0.077567 -4.6679 -0.981465 0.019868 0.190608 61.981
0.19686 0.0761048 0.977473 76.9923 0.00379434 0.996916 -0.0783828 -4.70867 -0.980424 0.0191393 0.195964 62.1054
0.203312 0.0750414 0.976234 77.5496 0.0050663 0.996965 -0.07769 -4.74661 -0.979101 0.0207412 0.202315 62.2245
0.211353 0.07538 0.974499 78.121 0.0032583 0.996962 -0.0778243 -4.78484 -0.977404 0.0196236 0.210465 62.3502
0.219381 0.0730534 0.9729 78.6893 0.00379508 0.997121 -0.0757279 -4.82542 -0.975632 0.0203055 0.218473 62.4915
0.228459 0.072565 0.970845 79.2678 0.000394993 0.997211 -0.0746286 -4.87138 -0.973553 0.0174331 0.227794 62.6367
0.237842 0.072488 0.968595 79.8549 -0.000859614 0.997227 -0.0744197 -4.91051 -0.971303 0.0168675 0.237245 62.7962
0.247529 0.076208 0.965879 80.442 -0.00624122 0.997007 -0.0770645 -4.95485 -0.96886 0.0130475 0.247264 62.9584
0.257026 0.0782389 0.963232 81.036 -0.00950658 0.996874 -0.0784347 -4.99521 -0.966358 0.0110027 0.256966 63.1291
0.267966 0.0813252 0.95999 81.6437 -0.0134434 0.996649 -0.0806783 -5.03406 -0.963335 0.00871351 0.268161 63.3111
0.278041 0.082909 0.956984 82.2548 -0.0148804 0.99652 -0.0820109 -5.08459 -0.960454 0.00856217 0.278308 63.5014
0.288211 0.0838795 0.953886 82.8798 -0.0179837 0.996454 -0.082189 -5.12648 -0.957398 0.00653336 0.288697 63.6988
0.298485 0.0843383 0.950681 83.5148 -0.0190482 0.996416 -0.0824151 -5.17664 -0.954224 0.00649095 0.299022 63.9106
0.308486 0.0849925 0.947424 84.1474 -0.0228704 0.996375 -0.0819371 -5.21642 -0.950954 0.00360845 0.309311 64.1293
0.31945 0.0804239 0.944184 84.8068 -0.0217428 0.996752 -0.0775452 -5.25378 -0.947354 0.0042426 0.320161 64.3538
0.329836 0.0732512 0.941192 85.4619 -0.0185427 0.997295 -0.0711194 -5.3046 -0.943856 0.00600546 0.330302 64.5904
0.340639 0.0689859 0.93766 86.1333 -0.0165878 0.99759 -0.067369 -5.34849 -0.940048 0.00739485 0.340963 64.8434
0.351168 0.0656057 0.934011 86.8199 -0.017264 0.997826 -0.0635973 -5.39075 -0.936153 0.00620855 0.351537 65.1076
0.360685 0.063059 0.930554 87.5081 -0.010963 0.99793 -0.0633755 -5.42866 -0.932623 0.0126569 0.360629 65.3699
0.369327 0.05765 0.92751 88.211 -0.00431394 0.99817 -0.0603241 -5.46362 -0.92929 0.0182781 0.368899 65.6458
0.376294 0.0481063 0.925251 88.9288 0.005748 0.998511 -0.0542529 -5.5003 -0.926483 0.0257334 0.375457 65.9278
0.383029 0.0438783 0.922694 89.645 0.0108143 0.99859 -0.0519767 -5.53891 -0.923673 0.0298868 0.382014 66.2247
0.390607 0.0437403 0.919518 90.3552 0.0125479 0.998525 -0.0528288 -5.58603 -0.920472 0.0321733 0.389482 66.5248
0.39822 0.0502778 0.915911 91.0605 0.0147281 0.998018 -0.0611885 -5.62031 -0.917172 0.0378561 0.39669 66.8266
0.40529 0.0541957 0.91258 91.7692 0.0190182 0.997525 -0.0676866 -5.66067 -0.91399 0.0447883 0.403256 67.1403
0.41048 0.0567276 0.910103 92.4779 0.0168129 0.997423 -0.0697533 -5.7036 -0.911715 0.0439338 0.408468 67.4663
0.415126 0.0579958 0.907913 93.1824 0.0102156 0.997606 -0.0683961 -5.75602 -0.909706 0.0376679 0.41354 67.8038
0.418884 0.0617646 0.905937 93.8698 0.0032967 0.997574 -0.0695366 -5.80942 -0.908034 0.0321143 0.417664 68.138
0.423065 0.064631 0.903792 94.5409 0.002642 0.997361 -0.0725589 -5.86449 -0.906096 0.0330849 0.421777 68.4526
0.427131 0.068951 0.901557 95.2131 -0.000627384 0.99711 -0.0759617 -5.91395 -0.904189 0.03188 0.42594 68.7768
0.430635 0.0716713 0.899676 95.8766 -0.00364479 0.996972 -0.0776776 -5.97179 -0.902519 0.0301716 0.429593 69.1067
0.434492 0.0705537 0.897908 96.5328 -0.00487949 0.997097 -0.0759864 -6.02382 -0.900663 0.0286341 0.433575 69.4291
0.43883 0.0669209 0.896075 97.1971 -0.00338004 0.997339 -0.0728282 -6.0816 -0.898564 0.0289304 0.437888 69.759
0.442088 0.0643311 0.894662 97.8362 -0.00385187 0.997552 -0.0698261 -6.13086 -0.896964 0.0274231 0.441253 70.0814
0.445896 0.0636501 0.892819 98.4711 -0.00462657 0.997619 -0.0688108 -6.17798 -0.895073 0.0265517 0.445129 70.4035
0.449263 0.0649911 0.891033 99.0916 -0.00673869 0.997569 -0.0693641 -6.23055 -0.893374 0.0251583 0.448609 70.7235
0.45202 0.0655215 0.889598 99.6922 -0.00595522 0.997498 -0.0704427 -6.27731 -0.891988 0.0265437 0.451279 71.0271
0.453837 0.0640633 0.888779 100.302 -0.00415372 0.997554 -0.0697828 -6.32338 -0.891075 0.0279783 0.452993 71.3506
0.455653 0.0631032 0.887918 100.898 -0.00214074 0.997559 -0.0697967 -6.36471 -0.890155 0.0299023 0.454676 71.6539
0.4577 0.0625169 0.886906 101.484 -0.00299796 0.997628 -0.0687744 -6.41392 -0.889101 0.0288192 0.456802 71.9598
0.459644 0.0618377 0.885948 102.058 -0.00160597 0.997629 -0.0687996 -6.45676 -0.888102 0.0302005 0.458653 72.2562
0.462036 0.063758 0.884566 102.621 -0.00276612 0.997511 -0.0704541 -6.5051 -0.886857 0.0301055 0.461063 72.557
0.46481 0.0635173 0.883129 103.173 0.00037444 0.997409 -0.0719338 -6.5521 -0.88541 0.0337662 0.463582 72.8474
0.467834 0.0630284 0.881566 103.721 0.00155314 0.997394 -0.0721338 -6.59982 -0.883815 0.0351158 0.466517 73.1363
0.471268 0.0613997 0.87985 104.263 0.00470087 0.997385 -0.0721197 -6.64099 -0.881977 0.0381238 0.469747 73.4233
0.474623 0.0603631 0.878117 104.791 0.00624928 0.997389 -0.0719398 -6.67991 -0.880167 0.0396319 0.473007 73.7041
0.47758 0.0600662 0.876533 105.305 0.00695583 0.99737 -0.0721367 -6.72216 -0.878561 0.0405481 0.475906 73.9917
0.481328 0.0591841 0.87454 105.824 0.0075102 0.997403 -0.0716322 -6.76753 -0.876508 0.0410465 0.479633 74.2764
0.484821 0.0587472 0.872638 106.33 0.00924636 0.997342 -0.0722796 -6.80658 -0.874564 0.0431114 0.482989 74.5506
0.488886 0.0596068 0.870309 106.826 0.00941597 0.997244 -0.0735898 -6.84751 -0.872297 0.0441719 0.486978 74.8276
0.493129 0.0598476 0.867895 107.328 0.011468 0.997097 -0.075273 -6.88747 -0.86988 0.0470723 0.491012 75.1124
0.497997 0.0631994 0.864873 107.821 0.00939401 0.996889 -0.0782554 -6.92978 -0.867128 0.0470956 0.495854 75.4026
0.503642 0.069094 0.861145 108.307 0.0059946 0.996493 -0.0834596 -6.97263 -0.863892 0.047196 0.501462 75.6922
0.509221 0.07614 0.857261 108.782 0.00112127 0.996019 -0.0891302 -7.01453 -0.860635 0.0463481 0.507108 75.9934
0.515205 0.0822347 0.853113 109.266 -0.00406493 0.995609 -0.0935156 -7.06603 -0.857057 0.0447118 0.513277 76.3019
0.52175 0.0870743 0.848643 109.751 -0.00776586 0.995221 -0.0973394 -7.10979 -0.853063 0.0441964 0.519933 76.6138
0.527108 0.0874427 0.845288 110.235 -0.0121194 0.995364 -0.0954103 -7.15681 -0.849712 0.0400471 0.525724 76.9312
0.532636 0.0866838 0.841894 110.726 -0.0189015 0.995711 -0.090563 -7.20685 -0.846134 0.032324 0.53199 77.2603
0.538111 0.0841407 0.838664 111.221 -0.0253263 0.99617 -0.0836927 -7.26432 -0.842493 0.0237957 0.538181 77.6079
0.544133 0.0826973 0.834913 111.727 -0.031702 0.996446 -0.0780361 -7.30869 -0.8384 0.0159937 0.544821 77.9533
0.549927 0.0806337 0.831312 112.233 -0.0343534 0.99667 -0.0739474 -7.35567 -0.834506 0.0121073 0.550866 78.3067
0.556395 0.084303 0.826631 112.747 -0.0393179 0.996397 -0.075152 -7.39501 -0.829987 0.00931285 0.557704 78.6663
0.562417 0.0883178 0.822124 113.262 -0.0435982 0.996064 -0.0771779 -7.44055 -0.825704 0.00756305 0.564053 79.0344
0.568835 0.0916308 0.817331 113.788 -0.0460682 0.995764 -0.0795729 -7.47952 -0.82116 0.00761089 0.570647 79.4085
0.575378 0.0938564 0.812485 114.326 -0.0482317 0.995559 -0.0808484 -7.52172 -0.816464 0.00733088 0.577349 79.796
0.581334 0.0945466 0.808153 114.867 -0.050924 0.995507 -0.0798338 -7.56976 -0.81207 0.00525569 0.583536 80.2074
0.587812 0.0970791 0.803152 115.419 -0.0570731 0.995277 -0.078531 -7.61022 -0.806982 0.000323102 0.590576 80.6271
0.595047 0.0946304 0.7981 115.978 -0.0570674 0.995512 -0.0754892 -7.66102 -0.801662 -0.000625927 0.597777 81.0508
0.60233 0.0927836 0.792836 116.545 -0.0573989 0.995685 -0.0729156 -7.70604 -0.796181 -0.0015887 0.605057 81.4949
0.609772 0.0929376 0.787109 117.117 -0.0581424 0.995671 -0.0725206 -7.75317 -0.790441 -0.00154338 0.612536 81.95
0.617274 0.0950185 0.78099 117.685 -0.0623142 0.995466 -0.0718611 -7.80009 -0.784277 -0.00430879 0.620396 82.4249
0.6253 0.0957734 0.774486 118.276 -0.062769 0.995398 -0.0724135 -7.84156 -0.777856 -0.00333355 0.628433 82.9009
0.632305 0.0961364 0.768731 118.868 -0.0644339 0.995359 -0.0714792 -7.88828 -0.772035 -0.0043357 0.635565 83.3987
0.637976 0.095073 0.764165 119.473 -0.0644435 0.99546 -0.0700476 -7.93889 -0.767355 -0.00455679 0.641206 83.8936
0.656477 0.0912459 0.748807 120.126 -0.0622952 0.995824 -0.0667323 -8.03252 -0.75177 -0.0028389 0.65942 83.9752
0.6469 0.0908289 0.757147 120.797 -0.0594233 0.995866 -0.0686955 -8.04119 -0.760256 -0.000553105 0.649623 84.9579
0.649558 0.0873024 0.755284 121.402 -0.0543838 0.996176 -0.0683758 -8.08772 -0.758365 0.00333879 0.651822 85.5043
0.653228 0.0805118 0.752868 122.034 -0.0460138 0.996714 -0.0666648 -8.13773 -0.755762 0.00890502 0.654786 86.0555
0.657081 0.0747093 0.750108 122.677 -0.0404886 0.997138 -0.0638457 -8.18554 -0.752731 0.011581 0.658226 86.6108
0.659647 0.0692348 0.74838 123.318 -0.0346487 0.997491 -0.0617402 -8.23357 -0.750777 0.0147963 0.66039 87.1892
0.663392 0.0679144 0.745183 123.964 -0.0344103 0.997588 -0.0602846 -8.2786 -0.74748 0.0143504 0.664129 87.764
0.666182 0.0692942 0.742563 124.598 -0.0347372 0.997477 -0.061918 -8.32138 -0.744979 0.0154541 0.666908 88.3459
0.669403 0.0739583 0.739209 125.231 -0.0404069 0.997184 -0.0631777 -8.37097 -0.7418 0.0124222 0.670506 88.9391
0.672272 0.0779562 0.736188 125.868 -0.0472295 0.996931 -0.0624377 -8.41682 -0.738796 0.00720529 0.673891 89.5421
0.675185 0.0748071 0.733846 126.515 -0.0470799 0.997186 -0.0583351 -8.4578 -0.736145 0.00483761 0.676807 90.1519
0.678701 0.0722461 0.730853 127.161 -0.0504958 0.997385 -0.0517008 -8.50107 -0.732677 -0.0018156 0.680574 90.7656
0.681963 0.0663599 0.72837 127.812 -0.0493942 0.99778 -0.0446581 -8.54011 -0.729717 -0.00552211 0.683727 91.3973
0.686415 0.0624241 0.724526 128.459 -0.0475469 0.99803 -0.040943 -8.57759 -0.725654 -0.00634505 0.688031 92.0271
0.691296 0.0596969 0.720102 129.121 -0.0418336 0.998216 -0.0425925 -8.6071 -0.72136 -0.000680435 0.69256 92.6492
0.696154 0.0560914 0.715698 129.764 -0.0307969 0.998359 -0.0482884 -8.64366 -0.717232 0.0115748 0.696738 93.2767
0.701331 0.057581 0.710507 130.4 -0.0251409 0.99811 -0.0560728 -8.68913 -0.712393 0.0214628 0.701453 93.9088
0.706935 0.0584427 0.704859 131.037 -0.022549 0.997936 -0.0601275 -8.72589 -0.706919 0.0266123 0.706794 94.5438
0.712954 0.0540573 0.699124 131.684 -0.0201449 0.998191 -0.0566382 -8.77067 -0.700921 0.0262967 0.712754 95.2007
0.718784 0.0485051 0.693539 132.329 -0.0157232 0.998442 -0.0535341 -8.82227 -0.695056 0.0275748 0.718427 95.8609
0.724045 0.0452949 0.688264 132.963 -0.0114095 0.998491 -0.0537084 -8.8712 -0.689658 0.0310346 0.72347 96.533
0.728441 0.0465115 0.683528 133.594 -0.0079651 0.9982 -0.0594352 -8.91216 -0.685063 0.0378507 0.7275 97.2138
0.732226 0.0487204 0.679317 134.217 -0.00948831 0.998071 -0.0613541 -8.95701 -0.680996 0.0384795 0.731276 97.88
0.735408 0.0458417 0.676072 134.85 -0.00740625 0.998193 -0.0596271 -9.01228 -0.677584 0.0388431 0.734419 98.5663
0.738038 0.0401334 0.673565 135.485 -0.00368087 0.998454 -0.0554583 -9.05959 -0.674749 0.038451 0.737045 99.2548
0.739262 0.035638 0.672474 136.121 -0.000208164 0.998611 -0.052693 -9.10658 -0.673418 0.0388139 0.738242 99.9567
0.739897 0.0306614 0.672022 136.755 0.0037476 0.998757 -0.049695 -9.14992 -0.67271 0.0392877 0.738862 100.653
0.740412 0.029886 0.671489 137.389 0.00427152 0.998782 -0.0491628 -9.18134 -0.67214 0.039269 0.739382 101.352
0.740141 0.0296911 0.671796 138.017 0.00369276 0.99883 -0.0482133 -9.22167 -0.672442 0.0381654 0.739166 102.055
0.73972 0.032024 0.672152 138.647 0.00189569 0.998764 -0.0496713 -9.26422 -0.672912 0.0380171 0.738745 102.747
0.73857 0.0359735 0.673217 139.274 -0.00207495 0.998692 -0.051089 -9.30489 -0.674174 0.0363359 0.737678 103.455
0.736504 0.0396554 0.67527 139.903 -0.0056342 0.998605 -0.0524983 -9.35489 -0.67641 0.0348606 0.7357 104.16
0.734386 0.0425222 0.677399 140.534 -0.00981441 0.998596 -0.0520446 -9.3985 -0.678661 0.0315725 0.733773 104.864
0.731932 0.0438495 0.679965 141.168 -0.0121313 0.998608 -0.0513396 -9.4463 -0.681269 0.0293283 0.731445 105.572
0.729908 0.0429 0.682198 141.804 -0.0124327 0.998697 -0.0495009 -9.48836 -0.683432 0.0276496 0.72949 106.249
0.727476 0.0418337 0.684856 142.449 -0.0138012 0.99883 -0.0463523 -9.53022 -0.685994 0.0242684 0.727202 106.946
0.72471 0.0378338 0.688015 143.095 -0.00975822 0.998955 -0.0446537 -9.57535 -0.688985 0.0256472 0.724321 107.629
0.722165 0.0421087 0.690438 143.735 -0.0103288 0.998691 -0.050105 -9.61745 -0.691644 0.0290527 0.721654 108.293
0.718156 0.0523979 0.693907 144.36 -0.0160904 0.998145 -0.0587187 -9.66298 -0.695696 0.0310039 0.717667 108.971
0.714747 0.0590996 0.696882 144.994 -0.0188582 0.99769 -0.0652682 -9.71391 -0.699129 0.0335083 0.71421 109.64
0.711195 0.057654 0.700626 145.634 -0.0204954 0.997908 -0.0613125 -9.76315 -0.702696 0.0292455 0.710889 110.297
0.707393 0.0566319 0.704549 146.279 -0.0240593 0.998137 -0.0560742 -9.81132 -0.706411 0.0227155 0.707437 110.956
0.703736 0.0547197 0.708352 146.914 -0.0258456 0.998341 -0.051444 -9.85667 -0.709992 0.0178952 0.703983 111.605
0.700713 0.0544781 0.71136 147.562 -0.0251573 0.998347 -0.0516756 -9.90196 -0.712999 0.0183139 0.700925 112.242
0.697936 0.052862 0.714207 148.218 -0.0233659 0.998422 -0.0510647 -9.95062 -0.715779 0.0189518 0.69807 112.872
0.694998 0.0520411 0.717126 148.863 -0.0195829 0.998377 -0.0534726 -9.9971 -0.718745 0.0231199 0.69489 113.494
0.691431 0.0509836 0.720641 149.511 -0.015893 0.998339 -0.0553812 -10.0434 -0.722268 0.0268392 0.691092 114.115
0.687469 0.0521969 0.724335 150.159 -0.0134336 0.998157 -0.0591791 -10.0858 -0.726089 0.0309534 0.686904 114.737
0.683696 0.052234 0.727896 150.824 -0.0137104 0.998178 -0.0587517 -10.1382 -0.729639 0.0301885 0.683166 115.352
0.679931 0.0534593 0.731325 151.486 -0.0153387 0.998158 -0.0587038 -10.1857 -0.733116 0.028697 0.679498 115.973
0.675841 0.0530904 0.735133 152.163 -0.014916 0.998183 -0.0583747 -10.2361 -0.736897 0.0284868 0.675405 116.558
0.669996 0.0556534 0.740276 152.831 -0.0171879 0.998082 -0.0594789 -10.2799 -0.742166 0.0271269 0.669667 117.172
0.663539 0.0629545 0.745489 153.499 -0.0204843 0.997609 -0.0660129 -10.3196 -0.747862 0.0285313 0.663242 117.8
0.657287 0.068589 0.750513 154.18 -0.0234342 0.997229 -0.0706129 -10.3729 -0.753276 0.0288252 0.657072 118.416
0.651042 0.0709113 0.755722 154.87 -0.0231776 0.99702 -0.0735857 -10.4266 -0.758688 0.0303915 0.650745 119.014
0.644268 0.0657754 0.761966 155.574 -0.0242897 0.997552 -0.0655741 -10.4815 -0.764414 0.0237393 0.644288 119.617
0.637339 0.0617543 0.768105 156.284 -0.0300648 0.998017 -0.0552925 -10.5324 -0.769997 0.0121471 0.637932 120.222
0.630269 0.0570946 0.774274 157.006 -0.0298275 0.998337 -0.0493369 -10.5845 -0.775803 0.00800084 0.630924 120.82
0.623241 0.0584808 0.77984 157.731 -0.0346717 0.998286 -0.0471529 -10.6201 -0.781261 0.00234917 0.6242 121.407
0.615093 0.0600967 0.786161 158.457 -0.0336127 0.998183 -0.0500057 -10.6591 -0.787738 0.00433314 0.615995 121.987
0.608314 0.0598899 0.791434 159.193 -0.0278974 0.998146 -0.0540898 -10.7043 -0.793206 0.0108246 0.608857 122.554
0.60156 0.0688687 0.795853 159.951 -0.027342 0.997468 -0.0656483 -10.7467 -0.79836 0.0177312 0.60192 123.126
0.594452 0.0695712 0.801116 160.713 -0.0233006 0.997322 -0.0693206 -10.8014 -0.803793 0.0225413 0.594481 123.681
0.587734 0.0656585 0.806385 161.48 -0.0208511 0.9976 -0.0660305 -10.8627 -0.808785 0.0219944 0.587693 124.234
0.58045 0.0598424 0.812094 162.239 -0.0167868 0.997963 -0.0615405 -10.9163 -0.814123 0.0220887 0.580272 124.78
0.573155 0.0591495 0.817309 163.002 -0.0166557 0.998026 -0.0605479 -10.9725 -0.819278 0.0210905 0.573009 125.325
0.566327 0.0603263 0.82197 163.764 -0.0174736 0.997972 -0.0612045 -11.0235 -0.823996 0.020299 0.566233 125.85
0.560203 0.0583794 0.826296 164.52 -0.0131489 0.998014 -0.0615971 -11.0769 -0.828251 0.023642 0.559858 126.373
0.555222 0.0519709 0.830077 165.278 -0.00778857 0.998327 -0.0572954 -11.1324 -0.831666 0.0253465 0.554698 126.869
0.550133 0.0493965 0.833615 166.028 -0.00751326 0.998501 -0.0542087 -11.188 -0.835043 0.0235588 0.549679 127.37
0.545754 0.0489281 0.836516 166.777 -0.00980269 0.998598 -0.0520129 -11.2339 -0.837888 0.0201862 0.545469 127.866
0.541296 0.0506917 0.839303 167.516 -0.00957496 0.998488 -0.0541308 -11.281 -0.840778 0.0212645 0.540963 128.341
0.537524 0.0535854 0.841544 168.25 -0.00873781 0.998279 -0.0579844 -11.3285 -0.843203 0.0238147 0.537067 128.819
0.534434 0.0592154 0.843134 168.972 -0.00914662 0.99789 -0.0642866 -11.3771 -0.845161 0.0266451 0.533847 129.276
0.531074 0.0619421 0.845058 169.688 -0.0113889 0.997756 -0.0659774 -11.4262 -0.847249 0.0254146 0.530588 129.733
0.528453 0.0569592 0.847049 170.413 -0.0106848 0.998114 -0.0604514 -11.4799 -0.848895 0.0228952 0.528065 130.189
