1 0 0 0 0 1 0 0 0 0 1 0
0.999995 -0.00322451 -0.000793765 -0.0502099 0.00322392 0.999995 -0.000746688 0.00287861 0.000796164 0.00074413 0.999999 1.05734
0.999987 -0.00502928 -0.000168097 -0.0489604 0.00502965 0.999985 0.00231293 0.0226426 0.000156477 -0.00231374 0.999997 1.92185
0.999982 -0.00576427 -0.00167283 -0.0403616 0.00577746 0.999951 0.00799645 0.0251818 0.00162667 -0.00800596 0.999967 2.80689
0.999953 -0.00955333 -0.00184976 -0.0491528 0.00956889 0.999917 0.00859276 0.0210393 0.00176752 -0.00861006 0.999961 3.72058
0.999931 -0.0114656 -0.00264075 -0.0267535 0.0114793 0.99992 0.00523012 0.0377317 0.00258058 -0.00526007 0.999983 4.65006
0.999916 -0.0123895 -0.00366747 -0.020067 0.0123974 0.999921 0.00213826 0.0384967 0.00364068 -0.00218356 0.999991 5.48774
0.999925 -0.0121939 0.00118348 0.067643 0.0121792 0.999857 0.0117362 0.0605895 -0.00132642 -0.0117209 0.99993 6.54925
0.999899 -0.0110421 -0.00899473 -0.00484374 0.0110687 0.999934 0.00291158 0.0543028 0.00896199 -0.00301084 0.999955 7.46535
0.99998 -0.00590236 -0.00231253 -0.125764 0.00590184 0.999983 -0.000230299 0.127568 0.00231385 0.000216627 0.999997 8.43201
0.999915 -0.0114337 -0.00621447 -0.0419168 0.0114768 0.99991 0.00695418 0.0657308 0.00613442 -0.00702489 0.999957 9.39818
0.99991 -0.0121457 -0.00562396 -0.0969529 0.012193 0.99989 0.0084465 0.0677008 0.00552076 -0.00851431 0.999949 10.1999
0.999917 -0.0123342 -0.00360277 -0.0649126 0.0123772 0.999849 0.0121541 0.0969014 0.00345231 -0.0121977 0.99992 11.1351
0.99989 -0.0119519 -0.00877929 -0.100775 0.0120032 0.999911 0.00580969 0.105445 0.00870908 -0.00591442 0.999945 12.1246
0.999845 -0.0139883 -0.0107299 -0.154737 0.014034 0.999893 0.00418872 0.0862212 0.0106702 -0.00433865 0.999934 12.6583
0.999804 -0.0144739 -0.0134734 -0.149819 0.0145019 0.999893 0.00198111 0.0918951 0.0134433 -0.00217613 0.999907 13.4418
0.999824 -0.012518 -0.0139604 -0.156781 0.0125452 0.99992 0.00185756 0.0849127 0.013936 -0.00203235 0.999901 14.351
0.99981 -0.0122927 -0.0151572 -0.17996 0.0123258 0.999922 0.00208841 0.0666566 0.0151303 -0.00227484 0.999883 15.216
0.999784 -0.0113414 -0.0174423 -0.190736 0.0113577 0.999935 0.000835375 0.0688457 0.0174317 -0.00103331 0.999848 16.0779
0.999696 -0.0135072 -0.0206504 -0.212799 0.0135343 0.999908 0.00117594 0.0742912 0.0206326 -0.00145507 0.999786 16.9988
0.999709 -0.0130101 -0.0203125 -0.216619 0.0130575 0.999912 0.00220329 0.068962 0.020282 -0.00246785 0.999791 18.0049
0.999735 -0.0125755 -0.0192687 -0.220831 0.0126358 0.999916 0.00301395 0.0550957 0.0192291 -0.00325661 0.99981 18.8067
0.999718 -0.0139241 -0.0192577 -0.229063 0.0139886 0.999897 0.00322007 0.0601586 0.0192109 -0.00348853 0.999809 19.7619
0.999714 -0.013372 -0.0198347 -0.259246 0.013418 0.999908 0.00218791 0.101972 0.0198036 -0.00245342 0.999801 20.8098
0.999603 0.0155655 -0.0234747 -0.261612 -0.01549 0.999874 0.00339099 0.0197739 0.0235246 -0.00302601 0.999719 21.8171
0.99943 -0.0147185 -0.030377 -0.302246 0.0149021 0.999872 0.00582854 0.113168 0.0302873 -0.00627789 0.999522 22.7479
0.999415 -0.0176494 -0.0293023 -0.365139 0.0178697 0.999814 0.00727591 0.103753 0.0291684 -0.00779527 0.999544 23.4636
0.999611 -0.0137269 -0.0242901 -0.352489 0.0138825 0.999884 0.00624759 0.100464 0.0242015 -0.00658239 0.999685 24.1592
0.999703 -0.0133891 -0.0203543 -0.321912 0.0134118 0.99991 0.000979004 0.0843374 0.0203393 -0.00125168 0.999792 25.0802
0.999284 -0.0253 -0.0281293 -0.761555 0.0256307 0.999606 0.011457 0.424315 0.0278284 -0.0121698 0.999539 26.0058
0.999311 -0.00959537 -0.035849 -0.412941 0.00992887 0.999909 0.00913629 0.144554 0.0357581 -0.00948595 0.999315 26.8534
0.999665 -0.00719656 -0.0248492 -0.377397 0.00738182 0.999946 0.00737217 0.153387 0.0247948 -0.00755312 0.999664 27.5603
0.999208 -0.00707679 -0.0391625 -0.505869 0.00716337 0.999972 0.00207091 0.131139 0.0391468 -0.00234981 0.999231 28.3426
0.999139 -0.00965919 -0.0403543 -0.548352 0.00944919 0.999941 -0.00539163 0.108325 0.040404 0.00500568 0.999171 29.0944
0.998795 -0.0331832 -0.0361604 -0.462802 0.0330285 0.999443 -0.00486875 0.0629556 0.0363018 0.00366855 0.999334 29.8856
0.999533 0.000560199 -0.0305462 -0.741238 -0.000144298 0.999907 0.0136161 0.141171 0.030551 -0.0136053 0.999441 30.7078
0.999411 -0.0109582 -0.0325128 -0.617267 0.01109 0.999931 0.00387539 0.15837 0.0324681 -0.00423369 0.999464 31.3852
0.997607 -0.0570316 -0.0390938 -0.448531 0.0573342 0.998333 0.00666357 -0.171563 0.0386486 -0.00888902 0.999213 32.1707
0.99908 -0.00993818 -0.0417259 -0.71803 0.0102656 0.999918 0.00764072 0.204724 0.0416465 -0.00806203 0.9991 32.9855
0.998867 -0.00669242 -0.0471209 -0.740709 0.00717056 0.999924 0.0099853 0.19878 0.0470505 -0.0103119 0.998839 33.7101
0.998837 -0.00416175 -0.0480316 -0.761125 0.00457789 0.999953 0.00855739 0.208051 0.0479937 -0.00876732 0.998809 34.2968
0.998966 -0.00693256 -0.0449336 -0.764272 0.00719686 0.999958 0.005723 0.208404 0.044892 -0.00604046 0.998974 34.8978
0.999067 -0.00388137 -0.0430109 -1.02789 0.00383385 0.999992 -0.00118718 0.303482 0.0430152 0.00102118 0.999074 35.73
0.999076 0.000833549 -0.0429614 -0.951329 -0.000533448 0.999975 0.00699625 0.187345 0.0429661 -0.00696687 0.999052 36.4847
0.998941 0.00556028 -0.045678 -0.905599 -0.00528897 0.999968 0.00605836 0.23714 0.0457102 -0.00581035 0.998938 37.0263
0.998953 0.00765527 -0.0451084 -0.947905 -0.00750225 0.999966 0.00356059 0.236637 0.0451341 -0.00321845 0.998976 37.3704
0.999099 0.00593567 -0.0420319 -0.98034 -0.0058391 0.99998 0.00241985 0.248369 0.0420454 -0.00217223 0.999113 38.1194
0.999221 0.00514928 -0.039127 -1.03894 -0.00500336 0.99998 0.00382634 0.246683 0.039146 -0.00362759 0.999227 38.6728
0.999188 0.0116413 -0.0385603 -1.04671 -0.0115185 0.999928 0.00340588 0.250475 0.0385972 -0.00295897 0.99925 39.327
0.999213 0.0185539 -0.0350608 -1.0639 -0.0183539 0.999813 0.0060183 0.255566 0.0351659 -0.00537005 0.999367 39.9827
0.999344 0.0231608 -0.0278243 -1.12606 -0.0229252 0.999699 0.00875571 0.270776 0.0280187 -0.00811208 0.999574 40.6672
0.999537 0.0233373 -0.0195085 -1.10827 -0.0231491 0.999684 0.00981824 0.309286 0.0197314 -0.00936208 0.999761 41.3849
0.999709 0.0207436 -0.0123473 -1.19011 -0.0206592 0.999763 0.00691847 0.387726 0.0124879 -0.00666137 0.9999 42.0584
0.999528 0.0262082 -0.0159993 -1.09989 -0.0260851 0.999629 0.00785572 0.332898 0.0161993 -0.0074347 0.999841 42.6519
0.999329 0.0351083 -0.0104263 -1.07857 -0.0349963 0.99933 0.0107297 0.291144 0.010796 -0.0103576 0.999888 43.2131
0.999294 0.0373342 -0.00409784 -1.15256 -0.0372869 0.999243 0.0110847 0.312211 0.00450859 -0.010924 0.99993 43.6917
0.999067 0.0423344 0.00854291 -1.16485 -0.0424208 0.999048 0.0101983 0.313603 -0.00810303 -0.0105512 0.999911 44.2289
0.998935 0.0451265 0.00959392 -1.16263 -0.0452151 0.998935 0.00922302 0.314799 -0.00916751 -0.00964698 0.999911 44.4533
0.998656 0.0488325 0.0173854 -1.16422 -0.0489052 0.998796 0.00378221 0.323763 -0.0171798 -0.00462738 0.999842 44.7374
0.998668 0.0454612 0.0244154 -1.20376 -0.0455994 0.998947 0.0051333 0.320567 -0.0241563 -0.0062398 0.999689 44.9973
0.998552 0.0451592 0.0292307 -1.18578 -0.0453971 0.998941 0.00752685 0.305173 -0.0288598 -0.00884295 0.999544 45.5154
0.998081 0.0488057 0.0381185 -1.15946 -0.0491756 0.998751 0.0088274 0.307379 -0.03764 -0.010685 0.999234 46.0213
0.997643 0.0522827 0.044447 -1.19643 -0.0527346 0.998568 0.0090554 0.327322 -0.0439099 -0.0113779 0.998971 46.1357
0.997059 0.0580159 0.0500812 -1.23652 -0.0586102 0.998226 0.0104813 0.340255 -0.0493843 -0.0133858 0.99869 46.5742
0.994563 0.0697856 0.0772944 -1.23981 -0.0701167 0.997538 0.00157413 0.255859 -0.0769942 -0.00698521 0.997007 47.2372
0.992912 0.0821008 0.0859332 -1.00931 -0.0832481 0.99648 0.0098483 0.143246 -0.0848221 -0.0169323 0.996252 47.5593
0.994658 0.0524055 0.0889328 -0.833988 -0.0543884 0.998319 0.0200192 0.291936 -0.0877342 -0.0247492 0.995836 47.8664
0.99331 0.0591505 0.099178 -1.0794 -0.0601478 0.998164 0.0070926 0.363641 -0.0985764 -0.0130105 0.995044 47.935
0.985831 0.116138 0.121036 -0.781115 -0.115713 0.993227 -0.0105633 0.503672 -0.121443 -0.00359174 0.992592 48.3753
0.988448 0.0602284 0.139078 -0.904613 -0.0609312 0.998142 0.000797019 0.378887 -0.138771 -0.009262 0.990281 48.6344
0.988208 0.0309691 0.149949 -0.859361 -0.032666 0.999427 0.00886568 0.424138 -0.149589 -0.0136594 0.988654 48.8636
0.980009 0.097357 0.173504 -0.623532 -0.0961339 0.995248 -0.0154596 0.380976 -0.174184 -0.001529 0.984712 49.1529
0.976454 0.103597 0.189221 -0.623813 -0.102922 0.994599 -0.0134197 0.327348 -0.189589 -0.00637125 0.981843 49.4
0.975886 0.070321 0.206645 -0.567599 -0.0697698 0.997513 -0.00996297 0.351604 -0.206832 -0.00469485 0.978365 49.6927
0.973422 0.0671986 0.21894 -0.59829 -0.0671654 0.997713 -0.00760361 0.320727 -0.21895 -0.00730367 0.975709 49.9068
0.968924 0.0687282 0.237617 -0.564386 -0.0680677 0.99762 -0.0109934 0.311548 -0.237807 -0.00552227 0.971297 50.0632
0.963786 0.0716709 0.256865 -0.584805 -0.0709257 0.997407 -0.0121774 0.319655 -0.257072 -0.00648187 0.966371 50.1323
0.956792 0.0685038 0.282588 -0.465841 -0.0673319 0.997634 -0.0138685 0.309219 -0.28287 -0.00575797 0.959141 50.3048
0.949629 0.073013 0.304752 -0.363478 -0.0719665 0.997299 -0.0146819 0.289276 -0.305001 -0.00798962 0.952318 50.4997
0.940194 0.0744525 0.332404 -0.27736 -0.0736652 0.99717 -0.0149884 0.288058 -0.332579 -0.0103946 0.943018 50.6976
0.929696 0.0779712 0.359981 -0.220907 -0.0765961 0.996898 -0.0181072 0.287947 -0.360276 -0.0107389 0.932784 51.0042
0.916524 0.0805101 0.391792 -0.0391068 -0.0779522 0.996704 -0.0224601 0.280526 -0.392309 -0.00995579 0.91978 51.3371
0.896826 0.0951549 0.432028 0.216795 -0.0881972 0.995446 -0.0361644 0.33508 -0.433502 -0.00567046 0.901135 51.7024
0.880249 0.0283999 0.473662 0.525993 -0.033109 0.99945 0.00160419 0.083573 -0.473356 -0.0170946 0.880705 52.0037
0.859872 0.0744914 0.505046 0.595779 -0.0700083 0.997157 -0.0278815 0.368679 -0.505687 -0.0113829 0.862642 52.1721
0.836833 0.0864146 0.540594 0.841604 -0.0749091 0.99625 -0.0432933 0.432644 -0.542308 -0.00426613 0.840169 52.4333
0.815887 0.0880492 0.571468 0.90561 -0.0744173 0.996108 -0.04723 0.316392 -0.573402 -0.00399274 0.819264 52.5642
0.78683 0.0493121 0.615196 1.27836 -0.0498081 0.998625 -0.0163423 0.0823132 -0.615156 -0.0177831 0.788205 52.9138
0.755688 0.0812597 0.649872 1.49294 -0.0693643 0.996622 -0.0439588 0.210897 -0.651249 -0.0118587 0.758772 53.1334
0.719419 0.112749 0.685364 1.76037 -0.0949113 0.993439 -0.0638028 0.0189759 -0.688061 -0.0191478 0.7254 53.3819
0.682767 0.102708 0.723382 2.09191 -0.0750588 0.994692 -0.0703846 0.0387628 -0.726771 -0.00623986 0.686852 53.662
0.649083 0.0660826 0.757842 2.34043 -0.0577504 0.997625 -0.0375287 0.0317451 -0.758522 -0.0194064 0.651358 53.823
0.608345 0.0698587 0.790592 2.62841 -0.0638201 0.997199 -0.0390067 0.153511 -0.791103 -0.0267261 0.611099 53.9885
0.558293 0.0760135 0.826155 3.01215 -0.0578932 0.996936 -0.0526042 0.157949 -0.827622 -0.0184602 0.560983 54.2255
0.508957 0.100624 0.854891 3.3512 -0.0664343 0.994774 -0.0775375 0.169059 -0.858225 -0.0173308 0.512982 54.3916
0.461878 0.0664187 0.884453 3.78625 -0.0689975 0.996861 -0.0388283 0.401987 -0.884256 -0.0430911 0.465011 54.5499
0.4111 0.0821158 0.907884 4.25397 -0.0588267 0.996248 -0.0634708 -0.00345243 -0.90969 -0.0273149 0.414389 54.7729
0.361038 0.0740888 0.929604 4.71212 -0.0579308 0.996696 -0.056937 0.0319888 -0.93075 -0.0332963 0.364137 54.9341
0.309013 0.0976838 0.946028 5.16981 -0.0680268 0.994434 -0.0804615 -0.131645 -0.948622 -0.0394916 0.313938 55.0913
0.28747 0.0791332 0.954515 5.56362 -0.0547528 0.996309 -0.0661083 0.050556 -0.956223 -0.0332582 0.290742 54.9742
0.219648 0.0733036 0.972821 6.16561 -0.0347287 0.997129 -0.067294 -0.0954092 -0.974961 -0.0190038 0.221563 55.2396
0.176799 0.0337863 0.983667 6.73152 -0.0220508 0.999296 -0.0303598 -0.37522 -0.984 -0.0163231 0.177419 55.4929
0.145382 0.041709 0.988496 7.16934 -0.0169718 0.999069 -0.039659 0.0607455 -0.98923 -0.0110109 0.145954 55.2061
0.133978 0.0610243 0.989104 8.46671 -0.0260419 0.997974 -0.0580441 -0.212339 -0.990642 -0.0179815 0.135295 55.3015
0.103813 0.0590927 0.99284 8.78292 -0.0180727 0.998181 -0.0575209 -0.244092 -0.994433 -0.0119719 0.104692 55.3216
0.0768839 0.0560488 0.995463 8.97064 -0.0119289 0.998399 -0.0552928 -0.325517 -0.996969 -0.00762366 0.0774294 55.3113
0.0569087 0.0555683 0.996832 10.4989 -0.00940165 0.998435 -0.0551209 -0.409141 -0.998335 -0.006235 0.0573421 55.1448
0.0409356 0.0530997 0.99775 11.0915 -0.0076655 0.998574 -0.0528291 -0.430292 -0.999132 -0.00548566 0.0412842 55.0703
0.0267471 0.0523569 0.99827 11.6942 -0.0066826 0.998614 -0.0521959 -0.445598 -0.99962 -0.00527495 0.0270599 55.0254
0.0153142 0.0524887 0.998504 12.3317 -0.00551295 0.99861 -0.0524097 -0.505341 -0.999867 -0.0047021 0.0155823 54.868
0.00614802 0.0522221 0.998617 12.9662 -0.00353938 0.99863 -0.0522011 -0.512515 -0.999975 -0.00321355 0.00632443 54.9268
0.00046749 0.0510126 0.998698 13.6334 -0.000888504 0.998698 -0.0510122 -0.554819 -1 -0.000863494 0.000512206 54.7883
-0.00348796 0.0500981 0.998738 14.2844 -0.00137665 0.998743 -0.0501031 -0.569244 -0.999993 -0.00154967 -0.00341461 54.8066
-0.00630853 0.0492042 0.998769 15.0752 -0.00103206 0.998788 -0.0492116 -0.598862 -0.99998 -0.00134125 -0.0062501 54.8512
-0.00800918 0.047433 0.998842 15.6155 -0.000549944 0.998874 -0.0474389 -0.627098 -0.999968 -0.000929253 -0.00797408 54.7694
-0.00829006 0.0425165 0.999061 16.1563 0.00263743 0.999093 -0.042496 -0.624426 -0.999962 0.00228266 -0.00839467 54.6647
-0.00827714 0.0443002 0.998984 16.3626 0.00432445 0.99901 -0.0442655 -0.630422 -0.999956 0.00395367 -0.00846053 54.8173
-0.00906623 0.0474422 0.998833 16.8908 0.00874646 0.998839 -0.0473631 -0.637254 -0.999921 0.00830685 -0.00947065 54.829
-0.00801729 0.054476 0.998483 17.5728 0.00891094 0.998479 -0.0544042 -0.670512 -0.999928 0.00846125 -0.00849053 54.8479
-0.0168209 0.0711486 0.997324 17.9558 0.00757704 0.997445 -0.0710295 -0.638773 -0.99983 0.00636198 -0.0173171 54.8589
-0.0290729 0.0850694 0.995951 18.69 0.0301939 0.995992 -0.0841915 -0.437007 -0.999121 0.027624 -0.0315249 55.4086
-0.0282433 0.0333956 0.999043 19.5585 0.0215693 0.999229 -0.0327921 -0.934672 -0.999368 0.0206225 -0.0289419 54.8005
0.000685219 0.0548126 0.998496 20.2614 0.0147614 0.998387 -0.0548168 -0.824211 -0.999891 0.0147767 -0.000124996 54.8977
-0.011886 0.0498296 0.998687 20.9111 0.0134013 0.998676 -0.0496695 -0.85141 -0.99984 0.0127933 -0.0125381 54.9467
-0.0198126 0.0787651 0.996696 21.7329 0.0254199 0.996609 -0.0782529 -1.01386 -0.99948 0.0237856 -0.0217476 54.9371
0.00433417 0.0646537 0.997898 22.4698 0.0242567 0.997607 -0.0647402 -0.943199 -0.999696 0.0244863 0.00275552 54.934
-0.00351633 0.044676 0.998995 23.1294 0.026265 0.998661 -0.0445686 -0.843243 -0.999649 0.0260819 -0.00468504 55.0695
0.0198438 0.0681325 0.997479 24.0905 0.0121306 0.997586 -0.0683811 -1.06477 -0.999729 0.013457 0.0189694 54.8747
0.00449051 0.0673084 0.997722 24.6231 0.019203 0.997542 -0.0673827 -1.02164 -0.999806 0.0194619 0.00318695 54.7779
0.0108312 0.0597941 0.998152 25.4441 0.0216634 0.997962 -0.0600178 -1.14704 -0.999707 0.0222734 0.00951374 54.8082
0.00441951 0.0884072 0.996075 26.1569 0.0232435 0.995806 -0.0884865 -1.02169 -0.99972 0.0235433 0.00234608 55.0026
0.0101274 0.0374345 0.999248 26.9419 0.0295345 0.998852 -0.037719 -1.3394 -0.999512 0.0298943 0.00901012 54.8018
0.00645326 0.0820927 0.996604 27.6748 0.0200757 0.996413 -0.082207 -1.33282 -0.999778 0.0205381 0.00478204 55.4154
0.015655 0.0312567 0.999389 28.4276 0.0266633 0.999143 -0.0316667 -1.38126 -0.999522 0.0271427 0.0148081 55.0888
0.0435283 0.0587124 0.997325 29.1889 0.0240481 0.997921 -0.059797 -1.36526 -0.998763 0.0265866 0.0420259 55.1468
0.0236775 0.0333842 0.999162 29.9153 0.0390096 0.99865 -0.0342915 -1.37933 -0.998958 0.0397888 0.0223433 55.0534
0.0202343 0.0841808 0.996245 30.7156 0.0322764 0.995875 -0.0848051 -1.5611 -0.999274 0.0338712 0.0174337 55.2439
0.0254061 0.0570079 0.99805 31.4109 0.0415358 0.99745 -0.0580309 -1.44292 -0.998814 0.0429291 0.0229735 54.942
0.0372518 0.0669974 0.997057 32.1815 0.0386279 0.996908 -0.0684305 -1.54693 -0.998559 0.0410634 0.0345486 55.1477
0.0333059 0.0792223 0.996301 32.9181 0.0413316 0.995892 -0.0805715 -1.71931 -0.99859 0.0438622 0.0298947 55.3257
0.0633376 0.0679624 0.995675 33.7621 0.0314979 0.997045 -0.0700596 -1.67008 -0.997495 0.0357991 0.0610098 55.1752
0.0674807 0.0689086 0.995338 34.3336 0.0329376 0.996915 -0.0712508 -1.71668 -0.997177 0.0375921 0.0650028 55.1886
0.047018 0.0872968 0.995072 35.0447 0.0275617 0.995681 -0.0886526 -1.73465 -0.998514 0.0315942 0.0444089 55.1934
0.0393503 0.0926587 0.99492 35.8609 0.0295966 0.995147 -0.0938503 -1.62092 -0.998787 0.0331392 0.036417 55.1516
0.0496103 0.0505006 0.997491 36.7214 0.0325984 0.998107 -0.052153 -1.89551 -0.998237 0.0351039 0.0478702 55.3323
0.0570657 0.0831785 0.994899 37.4182 0.0289522 0.995966 -0.0849283 -1.84202 -0.997951 0.033651 0.0544274 55.3478
0.0506109 0.0667195 0.996487 38.2236 0.0307884 0.997188 -0.0683301 -1.99172 -0.998244 0.0341385 0.0484144 55.4669
0.0506676 0.059045 0.996969 39.0117 0.0303453 0.997699 -0.0606304 -2.14124 -0.998255 0.0333253 0.0487593 55.613
0.0545742 0.0423312 0.997612 39.7357 0.0452843 0.997968 -0.0448236 -1.7678 -0.997482 0.0476224 0.0525464 55.2618
0.0638863 0.0708981 0.995436 40.5248 0.021471 0.997145 -0.0723979 -2.07403 -0.997726 0.0259982 0.0621816 55.4624
0.0818382 0.0833091 0.993158 41.3685 0.0156949 0.996269 -0.0848633 -2.21428 -0.996522 0.0225326 0.0802254 55.5902
0.0668576 0.0731242 0.995079 42.0299 0.0268352 0.996818 -0.075055 -2.16902 -0.997402 0.0317212 0.0646826 55.6153
0.10029 0.0836266 0.991438 42.7159 0.0112375 0.996303 -0.0851737 -2.32169 -0.994895 0.0196834 0.0989799 55.7694
0.088777 0.0961049 0.991404 43.6032 -0.000249762 0.995336 -0.0964637 -2.32788 -0.996051 0.00831616 0.088387 55.8666
0.107136 0.0762351 0.991317 44.3369 0.011079 0.996903 -0.0778619 -2.38586 -0.994183 0.0193246 0.10596 55.8514
0.110163 0.0813297 0.99058 44.9417 0.00761669 0.996548 -0.0826667 -2.42944 -0.993884 0.0166517 0.109163 55.9186
0.118885 0.0851532 0.98925 45.7477 0.00633991 0.99623 -0.0865159 -2.46092 -0.992888 0.0165572 0.117897 56.0255
0.121344 0.0870913 0.988782 46.4927 0.00691696 0.996045 -0.0885799 -2.50844 -0.992586 0.017588 0.120262 56.0894
0.124062 0.0932013 0.987888 47.3428 -8.03582e-05 0.99558 -0.0939169 -2.57124 -0.992274 0.0115722 0.123521 56.2426
0.136307 0.101304 0.985473 48.2602 -0.00770821 0.994836 -0.1012 -2.68033 -0.990637 0.00619809 0.136384 56.3181
0.125512 0.106245 0.986387 49.2609 -0.006789 0.994318 -0.106235 -2.73943 -0.992069 0.00663722 0.12552 56.4303
0.127901 0.0923573 0.987477 50.1001 -0.00465115 0.9957 -0.0925239 -2.80321 -0.991776 0.00724104 0.127781 56.5683
0.145029 0.10048 0.984312 50.868 -0.0161225 0.994938 -0.0991896 -2.84172 -0.989296 -0.00148424 0.145915 56.5715
0.157891 0.0859082 0.983713 51.5836 -0.013256 0.996303 -0.0848801 -2.9176 -0.987368 0.000361655 0.158446 56.7293
0.155551 0.0676438 0.985509 52.4564 -0.00354481 0.997685 -0.06792 -2.92515 -0.987822 0.00707156 0.15543 56.7654
0.155199 0.0668856 0.985616 53.3186 0.00141307 0.997689 -0.0679273 -2.9689 -0.987882 0.011935 0.154745 57.0249
0.160338 0.104313 0.981535 54.0473 -0.0192159 0.994542 -0.102556 -3.1277 -0.986875 -0.00241739 0.161467 57.1869
0.166386 0.09188 0.981771 54.8854 -0.00677215 0.995732 -0.0920389 -3.01176 -0.986037 0.00866531 0.166298 57.2829
0.18477 0.0662774 0.980545 55.7426 0.00286211 0.997683 -0.0679752 -3.36264 -0.982778 0.0153662 0.184152 57.6668
0.199275 0.0807768 0.976609 56.4401 -0.00687942 0.996688 -0.0810339 -3.3582 -0.979919 0.0094295 0.19917 57.7536
0.19671 0.0915419 0.976179 56.9765 -0.0127204 0.995786 -0.0908173 -3.39673 -0.980379 0.00544731 0.197045 57.8374
0.201499 0.0835135 0.975922 57.6883 -0.0118762 0.996494 -0.0828218 -3.43046 -0.979417 0.00509819 0.201784 57.9932
0.194754 0.0446618 0.979835 58.7059 0.00208679 0.998942 -0.0459475 -3.40744 -0.98085 0.0109931 0.194454 58.0469
0.207694 0.0603839 0.976328 59.4905 -0.00743911 0.998162 -0.0601517 -3.53268 -0.978166 0.00523011 0.207761 58.3114
0.206618 0.0733317 0.97567 59.8489 -0.015788 0.997308 -0.0716145 -3.60877 -0.978294 -0.000606984 0.20722 58.3995
0.213575 0.0727406 0.974215 60.6759 -0.0152324 0.997351 -0.0711287 -3.66625 -0.976808 0.000351615 0.214117 58.544
0.197759 0.109468 0.974119 61.5788 -0.0349945 0.9939 -0.104587 -3.50338 -0.979626 -0.0134059 0.200383 58.6415
0.210131 0.07127 0.975072 62.2993 -0.0151665 0.997457 -0.0696378 -3.76414 -0.977556 -0.000155382 0.210678 58.869
0.222448 0.0791529 0.971726 62.9391 -0.018276 0.996862 -0.0770167 -3.79395 -0.974773 -0.0006271 0.223197 59.009
0.22628 0.0803418 0.970743 63.4892 -0.0167662 0.996766 -0.0785873 -3.8322 -0.973918 0.00150701 0.226895 59.1628
0.205472 0.0670096 0.976366 64.3243 -0.01609 0.99775 -0.0650911 -4.07698 -0.978531 -0.00233532 0.206088 59.4065
0.217461 0.0780769 0.972941 64.9288 -0.0184308 0.996946 -0.0758838 -3.95825 -0.975895 -0.00143036 0.218236 59.4458
0.222084 0.0798524 0.971752 65.4667 -0.0218879 0.996798 -0.0769082 -4.00015 -0.974782 -0.00418946 0.223121 59.5904
0.221521 0.0751744 0.972254 66.0848 -0.0184207 0.997169 -0.0729038 -4.01863 -0.974981 -0.00175983 0.222279 59.7261
0.221907 0.0955814 0.970372 66.7624 -0.0347091 0.995327 -0.0901022 -4.08171 -0.97445 -0.0136864 0.224187 59.8616
0.211282 0.0947924 0.972818 67.5255 -0.0223545 0.995494 -0.092147 -3.97827 -0.97717 -0.00227783 0.212449 59.9366
0.203892 0.0690905 0.976552 68.1531 -0.0199868 0.997593 -0.0664061 -4.23993 -0.978789 -0.00597848 0.204782 60.176
0.204563 0.0893314 0.974769 68.7414 -0.0176168 0.996002 -0.0875802 -4.12245 -0.978695 0.0007433 0.205318 60.2345
0.202406 0.0758285 0.976362 69.3571 -0.0116106 0.997113 -0.0750332 -4.31799 -0.979233 0.00385104 0.202702 60.4192
0.193128 0.0983161 0.976235 69.8943 -0.0220772 0.995151 -0.0958535 -4.34817 -0.980925 -0.00304058 0.194362 60.5427
0.209547 0.0844139 0.974148 70.2712 -0.0200581 0.996428 -0.0820299 -4.39086 -0.977593 -0.00235047 0.210492 60.8236
0.202468 0.0807823 0.975951 70.829 -0.0183628 0.99673 -0.0786927 -4.43969 -0.979117 -0.00198842 0.20329 60.853
0.204463 0.0768175 0.975855 71.3873 -0.0122549 0.997039 -0.0759173 -4.48026 -0.978798 0.00356323 0.204799 60.9463
0.203439 0.0742552 0.976268 71.8861 -0.00886166 0.997219 -0.0740021 -4.50471 -0.979047 0.00640355 0.203531 61.016
0.197623 0.0774643 0.977213 72.405 -0.00523627 0.996942 -0.0779693 -4.53891 -0.980264 0.0102916 0.197424 61.0793
0.196598 0.0839742 0.976881 72.8618 -0.00741299 0.996424 -0.0841623 -4.57231 -0.980456 0.00930456 0.196518 61.1964
0.190872 0.0881271 0.977651 73.4762 -0.00972753 0.996083 -0.0878894 -4.66403 -0.981567 0.00726547 0.190981 61.314
0.189194 0.091963 0.977624 74.0779 -0.0116564 0.995745 -0.0914118 -4.69854 -0.981871 0.00589903 0.189461 61.3919
0.193576 0.0881004 0.977122 74.5432 -0.00388451 0.996021 -0.0890348 -4.72437 -0.981078 0.0134393 0.193148 61.4899
0.19658 0.0863991 0.976674 75.2143 -0.000761081 0.996123 -0.0879664 -4.75101 -0.980487 0.0165492 0.195884 61.6113
0.199695 0.0973169 0.975014 75.9328 -0.00611332 0.99516 -0.0980757 -4.76001 -0.979839 0.0136246 0.199323 61.728
0.196138 0.100046 0.975459 76.5771 0.00109504 0.994759 -0.102245 -4.63896 -0.980576 0.0211223 0.195 61.65
0.198262 0.0687728 0.977733 77.1776 0.00834293 0.997381 -0.0718466 -4.79145 -0.980114 0.0224016 0.197168 61.8952
0.203828 0.0766209 0.976004 77.7073 0.00838647 0.996759 -0.0800018 -4.91507 -0.978971 0.0244918 0.202525 62.0286
0.211818 0.0705625 0.974759 78.2902 0.00977967 0.997187 -0.0743112 -5.10356 -0.97726 0.0252732 0.210532 62.2229
0.219561 0.0753358 0.972686 78.8476 0.00673211 0.996873 -0.0787288 -4.99253 -0.975576 0.023834 0.218367 62.3021
0.228117 0.0616974 0.971677 79.4867 0.0120069 0.997736 -0.0661709 -5.14121 -0.97356 0.0267616 0.22686 62.591
0.241735 0.0726665 0.967618 79.9711 0.00354189 0.997119 -0.0757669 -5.09743 -0.970336 0.0217427 0.240781 62.6589
0.255475 0.0843152 0.963132 80.2403 -0.00778472 0.996337 -0.0851572 -5.1589 -0.966784 0.0142578 0.255195 62.8156
0.254615 0.0698205 0.964519 81.1734 -0.00133705 0.997415 -0.0718489 -5.1191 -0.967041 0.0170042 0.25405 62.9111
0.27657 0.109978 0.95468 81.789 -0.0300319 0.993934 -0.105799 -5.27413 -0.960524 0.000590097 0.278195 63.223
0.283715 0.107227 0.952895 82.3489 -0.0201385 0.994175 -0.105876 -5.15725 -0.958697 0.0108488 0.284222 63.1767
0.283379 0.0638256 0.956882 83.0592 -0.00595046 0.997881 -0.0647981 -5.4716 -0.95899 0.0126685 0.283158 63.6475
0.3095 0.0896382 0.946665 83.4693 -0.0188881 0.99593 -0.0881278 -5.35538 -0.950712 0.00939485 0.309933 63.8747
0.306663 0.092749 0.947289 84.2878 -0.0222142 0.995667 -0.0902945 -5.41581 -0.951559 0.00664665 0.307394 63.9398
0.323342 0.110719 0.939783 84.8272 -0.036965 0.993851 -0.104371 -5.44734 -0.94556 -0.00099152 0.325446 64.0915
0.338416 0.0875845 0.936912 85.3405 -0.023994 0.996138 -0.0844544 -5.4881 -0.940691 0.00610041 0.339211 64.4796
0.34655 0.0833214 0.934324 86.1888 -0.022617 0.9965 -0.0804773 -5.47295 -0.937759 0.00675785 0.347222 64.5433
0.355652 0.0739511 0.931688 86.8806 -0.0200536 0.997239 -0.071499 -5.58435 -0.934403 0.00674502 0.356153 64.9561
0.359367 0.101738 0.927634 87.6016 -0.0314324 0.994795 -0.096927 -5.59441 -0.932667 0.00567453 0.360694 65.1352
0.368195 0.0422555 0.928788 88.359 0.00433769 0.998878 -0.0471639 -5.85093 -0.929738 0.0213943 0.367599 65.5011
0.377823 0.039421 0.925038 89.0815 0.012235 0.998793 -0.0475614 -5.90678 -0.925797 0.0292876 0.376885 65.7942
0.391008 0.0246935 0.920056 89.805 0.0224567 0.999086 -0.0363583 -5.84137 -0.920113 0.0348778 0.390096 66.1586
0.403368 0.0497017 0.913687 90.3255 0.00792955 0.998296 -0.0578048 -5.7517 -0.915004 0.0305617 0.402286 66.3068
0.40249 0.079528 0.911963 91.1428 6.37844e-05 0.996217 -0.0869034 -5.66727 -0.915424 0.0350359 0.400962 66.5357
0.403553 0.0541125 0.913355 91.8855 0.0207801 0.99745 -0.0682762 -5.85048 -0.91472 0.0465326 0.4014 66.9887
0.407551 0.062797 0.911021 92.5524 0.015128 0.997032 -0.0754934 -5.88875 -0.913057 0.0445494 0.405392 67.2346
0.41854 0.0469997 0.906981 93.3199 0.0177071 0.998048 -0.0598899 -6.01486 -0.908026 0.0411263 0.416891 67.6474
0.423838 0.0621403 0.903604 93.985 0.00477213 0.997477 -0.0708343 -5.92552 -0.905725 0.0343344 0.422472 67.941
0.418658 0.0890201 0.90377 94.6782 -0.007123 0.995475 -0.0947533 -6.16998 -0.908116 0.0332317 0.417398 68.3009
0.427975 0.0551867 0.902104 95.3273 0.00902369 0.997823 -0.0653234 -6.06526 -0.903745 0.0360971 0.426546 68.5753
0.432812 0.103787 0.89549 95.9681 -0.0208658 0.994238 -0.105147 -6.03525 -0.901243 0.0268239 0.432484 68.8596
0.433729 0.0818066 0.897322 96.6622 -0.00243356 0.995973 -0.0896241 -6.22312 -0.90104 0.0366889 0.432182 69.2497
0.438072 0.0666538 0.896465 97.3171 -0.00114525 0.997288 -0.0735905 -6.30328 -0.898939 0.0312113 0.436961 69.5674
0.439177 0.0814577 0.8947 97.9626 -0.0101277 0.996267 -0.0857334 -6.43217 -0.898344 0.0285909 0.438362 69.9042
0.440189 0.0651987 0.895535 98.5758 -0.00153743 0.997414 -0.0718601 -6.35732 -0.897904 0.0302552 0.439151 70.2272
0.444815 0.0526037 0.894076 99.1932 0.0020405 0.998212 -0.0597457 -6.39382 -0.89562 0.0284002 0.443912 70.5079
0.460968 0.0636084 0.885134 99.7951 -0.00345976 0.997549 -0.069885 -6.39418 -0.88741 0.0291524 0.460058 70.8324
0.455335 0.0467582 0.889091 100.395 0.00859372 0.998343 -0.056905 -6.47339 -0.890279 0.0335514 0.454179 71.1346
0.451788 0.0644836 0.889792 101.002 0.00218597 0.997301 -0.0733847 -6.56132 -0.892123 0.0350994 0.450428 71.4865
0.449741 0.07732 0.889806 101.633 -0.00763263 0.996542 -0.0827371 -6.71179 -0.893127 0.0304187 0.448776 71.8564
0.459495 0.0681092 0.885565 101.976 -0.00252766 0.997152 -0.0753798 -6.72133 -0.888177 0.0323982 0.458358 72.1738
0.465946 0.0705452 0.881997 102.499 -0.00449799 0.996993 -0.0773668 -6.75355 -0.884802 0.0320815 0.464862 72.3791
0.47103 0.0690819 0.879408 103.172 -0.00256785 0.997032 -0.0769465 -6.73012 -0.882113 0.0339859 0.469809 72.5335
0.467753 0.0402142 0.882944 103.836 0.03787 0.997135 -0.0654773 -6.88697 -0.883048 0.0640643 0.46489 72.9384
0.471434 0.0827169 0.878013 104.397 -0.00462465 0.99581 -0.0913312 -6.94475 -0.881889 0.0389962 0.469842 73.3061
0.474109 0.0690559 0.877754 104.567 0.00390926 0.996745 -0.0805288 -6.96067 -0.880457 0.0416108 0.472296 73.4529
0.483169 0.0660453 0.873033 105.12 0.00566959 0.996894 -0.0785533 -6.9935 -0.875509 0.0429043 0.481294 73.7173
0.488825 0.0690759 0.869643 105.494 0.00343893 0.9967 -0.0811012 -7.06356 -0.872375 0.0426349 0.486975 74.1224
0.49495 0.07293 0.865856 105.967 0.00239835 0.996353 -0.0852926 -7.13053 -0.868918 0.0442922 0.49297 74.5001
0.50038 0.0718424 0.86282 106.467 0.00248778 0.996428 -0.08441 -7.15243 -0.865802 0.0443835 0.498414 74.6543
0.507366 0.0766301 0.858317 107.006 0.00193413 0.995934 -0.0900598 -7.20597 -0.861728 0.0473534 0.505155 74.8998
0.500646 0.0778778 0.862142 107.601 0.00219424 0.995828 -0.0912278 -7.23751 -0.86565 0.0475646 0.498386 75.0645
0.50944 0.0897523 0.855813 108.089 -0.00651994 0.99492 -0.10046 -7.28593 -0.860482 0.0455984 0.507437 75.3864
0.51967 0.104297 0.847977 108.667 -0.0158293 0.993526 -0.112499 -7.27945 -0.85422 0.0450393 0.517957 75.5819
0.522957 0.118937 0.84402 109.197 -0.0233609 0.991845 -0.125293 -7.21626 -0.852039 0.0458058 0.521471 75.9049
0.523783 0.101362 0.8458 109.798 -0.0180555 0.993993 -0.107941 -7.35263 -0.85166 0.0412662 0.522467 76.3735
0.524995 0.0851927 0.846831 110.316 -0.00882296 0.995469 -0.0946762 -7.49674 -0.85106 0.0422329 0.523368 76.7305
0.530105 0.0788278 0.84426 110.812 -0.0130726 0.996311 -0.0848165 -7.60393 -0.847831 0.033925 0.52918 77.0716
0.540966 0.0958469 0.835565 111.249 -0.0323948 0.995122 -0.0931764 -7.37729 -0.84042 0.0233373 0.541432 77.3206
0.540437 0.0714225 0.838347 111.834 -0.0131055 0.996984 -0.0764891 -7.79909 -0.841282 0.0303506 0.539744 77.7773
0.54877 0.103727 0.829513 112.32 -0.0399259 0.994392 -0.0979313 -7.71841 -0.83502 0.0206227 0.549834 78.098
0.557526 0.116181 0.82199 112.791 -0.0520852 0.993103 -0.105039 -7.451 -0.828524 0.0157484 0.559732 78.4007
0.556563 0.05898 0.828709 113.397 -0.0245714 0.998209 -0.0545412 -7.94898 -0.830442 0.00999309 0.557015 78.8951
0.567197 0.0893108 0.818725 113.859 -0.0404553 0.995924 -0.080614 -7.8167 -0.822588 0.0126022 0.568498 79.3136
0.572765 0.0916744 0.814577 114.246 -0.0430252 0.995719 -0.0818077 -7.81109 -0.818589 0.0118093 0.574258 79.5425
0.581872 0.0906865 0.808209 114.781 -0.0451736 0.995833 -0.0792164 -7.90237 -0.812025 0.00958405 0.583544 80.1251
0.588133 0.103078 0.802168 115.233 -0.0569146 0.994661 -0.0860843 -7.95307 -0.806759 0.00497391 0.59086 80.5313
0.597867 0.102669 0.794993 115.778 -0.0583702 0.994707 -0.0845644 -7.99673 -0.799468 0.0041543 0.600695 80.929
0.607074 0.098101 0.788567 116.346 -0.0573815 0.995172 -0.0796287 -8.02202 -0.792571 0.00309134 0.609772 81.3292
0.61663 0.105961 0.78009 117.136 -0.0619431 0.994359 -0.0861014 -8.07956 -0.784813 0.0047715 0.619715 81.6913
0.615671 0.101615 0.781424 117.78 -0.0639838 0.994823 -0.0789533 -8.05488 -0.785401 -0.00138916 0.618986 82.2234
0.62949 0.104307 0.769976 118.182 -0.065627 0.994545 -0.0810755 -8.13409 -0.774232 0.000504963 0.632901 82.5728
0.629026 0.137087 0.765201 118.93 -0.0869291 0.990559 -0.106001 -7.99707 -0.772509 0.000159308 0.635004 83.1902
0.629581 0.087032 0.772044 119.636 -0.0565896 0.996203 -0.066154 -8.40025 -0.774871 -0.00204037 0.632116 83.8262
0.64249 0.107559 0.758708 120.13 -0.0687591 0.994198 -0.082717 -8.25114 -0.763203 0.000976764 0.646158 84.2257
0.639472 0.0945586 0.762978 120.825 -0.0587329 0.995516 -0.0741523 -8.41956 -0.766568 0.00260641 0.642158 84.8299
0.646449 0.0759409 0.759168 121.435 -0.0237783 0.996556 -0.0794394 -8.52982 -0.762587 0.0333018 0.646029 85.3352
0.645423 0.084771 0.759107 121.936 -0.0459364 0.996331 -0.0722054 -8.45122 -0.762443 0.0117324 0.64695 85.8182
0.654959 0.107325 0.748005 122.725 -0.0556908 0.994027 -0.0938608 -8.72439 -0.75361 0.019818 0.657023 86.4539
0.653244 0.0751332 0.753411 123.242 -0.0332279 0.99695 -0.0706097 -8.50087 -0.756418 0.0210911 0.653748 86.878
0.662624 0.0953022 0.742864 123.972 -0.053955 0.995368 -0.0795689 -8.49976 -0.747007 0.0126429 0.664696 87.5219
0.661134 0.0757664 0.746433 124.675 -0.0377139 0.996986 -0.0677946 -8.69028 -0.74932 0.0166704 0.661999 88.2121
0.66114 0.083032 0.745654 125.294 -0.04137 0.99638 -0.0742705 -8.82611 -0.749121 0.0182554 0.662181 88.769
0.670515 0.064839 0.739058 125.897 -0.0338276 0.99781 -0.0568495 -8.71948 -0.741125 0.0131179 0.671239 89.3122
0.666563 0.0906539 0.739916 126.425 -0.0538039 0.99584 -0.0735395 -8.83495 -0.743504 0.00920839 0.668668 89.9149
0.673428 0.0626437 0.736594 127.128 -0.0372685 0.998013 -0.0508036 -8.65284 -0.738313 0.00676082 0.674424 90.4702
0.680549 0.0911581 0.72701 127.935 -0.067915 0.995807 -0.0612871 -9.0485 -0.729548 -0.00766603 0.683886 91.267
0.683531 0.0768583 0.725863 128.41 -0.054902 0.997037 -0.0538715 -8.97383 -0.727853 -0.00302848 0.685726 91.7348
0.688023 0.0665669 0.722629 129.156 -0.0444725 0.99778 -0.0495704 -8.97519 -0.724325 0.00196853 0.689456 92.4117
0.694599 0.0789632 0.71505 129.842 -0.0435371 0.99675 -0.0677796 -9.05289 -0.718079 0.0159484 0.695779 93.1073
0.694967 0.084963 0.714004 130.307 -0.039848 0.996019 -0.0797359 -9.0549 -0.717936 0.0269623 0.695587 93.5347
0.70269 0.0804615 0.706932 131.08 -0.0348491 0.996285 -0.078755 -8.95446 -0.710643 0.0307044 0.702883 94.2868
0.715485 0.06549 0.695551 131.822 -0.0269707 0.997444 -0.0661712 -9.21331 -0.698107 0.028585 0.715423 95.1387
0.719933 0.0670123 0.690801 132.228 -0.0255345 0.997211 -0.0701249 -9.22577 -0.693574 0.032846 0.719636 95.5015
0.723077 0.0730334 0.686896 133.006 -0.0285126 0.996703 -0.0759589 -9.09347 -0.690179 0.0353389 0.722776 96.279
0.722271 0.0538664 0.689509 133.655 -0.00999844 0.997671 -0.0674674 -9.2505 -0.691538 0.0418357 0.721128 96.9725
0.730055 0.0439288 0.681975 134.303 -0.00359974 0.998165 -0.0604423 -9.37243 -0.683379 0.0416713 0.728874 97.6599
0.736692 0.0467878 0.674608 134.888 -0.00724825 0.998093 -0.0613079 -9.3372 -0.676189 0.0402754 0.735626 98.2983
0.738134 0.0498492 0.67281 135.504 -0.00946003 0.997933 -0.0635595 -9.47207 -0.674588 0.0405506 0.73708 99.0502
0.733421 0.0220485 0.679417 136.166 0.0123035 0.99888 -0.0456972 -9.42528 -0.679663 0.0418745 0.732328 99.7079
0.739655 0.0420229 0.671673 136.728 -0.00344064 0.998272 -0.0586676 -9.59209 -0.672978 0.0410827 0.738521 100.315
0.735689 0.0428793 0.675961 137.38 -0.00289999 0.998184 -0.0601632 -9.63932 -0.677314 0.0423011 0.734477 101.022
0.736662 0.041301 0.674999 137.966 -0.00253493 0.998295 -0.0583159 -9.67922 -0.676256 0.041248 0.735511 101.774
0.736371 0.0431844 0.675199 138.591 -0.00391 0.998216 -0.0595797 -9.73218 -0.676567 0.0412327 0.735226 102.362
0.738299 0.046801 0.672848 139.159 -0.0074709 0.998096 -0.0612265 -9.76668 -0.674432 0.0401767 0.737243 102.964
0.730411 0.0532356 0.68093 139.885 -0.0130966 0.997866 -0.0639656 -9.83167 -0.682882 0.0378033 0.72955 103.7
0.73218 0.0567461 0.678743 140.626 -0.0194954 0.997861 -0.0623956 -9.69483 -0.680832 0.0324525 0.73172 104.605
0.726828 0.0517187 0.68487 141.184 -0.0155337 0.998144 -0.0588905 -9.92851 -0.686644 0.0321647 0.726282 105.26
0.732446 0.0743412 0.676754 141.803 -0.0346844 0.996804 -0.07196 -9.86692 -0.679941 0.029234 0.732684 105.874
0.724642 0.0590768 0.686589 142.547 -0.0248942 0.997912 -0.0595905 -9.87924 -0.688676 0.0260897 0.7246 106.675
0.720084 0.0604441 0.691249 143.222 -0.0175038 0.997464 -0.0689861 -10.2148 -0.693666 0.0375763 0.719316 107.374
0.7127 0.0520934 0.699532 143.975 -0.015931 0.998183 -0.0581028 -10.1252 -0.701288 0.0302656 0.712235 108.209
0.714157 0.0619452 0.69724 144.461 -0.0220673 0.997574 -0.0660252 -10.1562 -0.699638 0.0317662 0.713791 108.855
0.709621 0.0716533 0.70093 144.961 -0.0267646 0.996839 -0.0748065 -10.2364 -0.704075 0.0343242 0.709296 109.523
0.70845 0.0711477 0.702166 145.527 -0.0293393 0.997015 -0.0714217 -10.2665 -0.705151 0.0299977 0.708423 110.142
0.706239 0.0691617 0.704588 146.136 -0.0320784 0.997321 -0.0657426 -10.3187 -0.707247 0.0238279 0.706565 110.749
0.703121 0.0646913 0.708121 146.761 -0.0321654 0.997727 -0.0592104 -10.3478 -0.710342 0.0188551 0.703604 111.335
0.699745 0.0623339 0.711668 147.401 -0.0292574 0.997851 -0.058633 -10.3714 -0.713794 0.0202066 0.700064 111.83
0.694521 0.0654848 0.716486 148.309 -0.0306379 0.997638 -0.0614826 -10.3878 -0.71882 0.0207493 0.694887 112.568
0.693923 0.0905741 0.71433 148.915 -0.0461922 0.995613 -0.081367 -10.3994 -0.718566 0.023466 0.695062 113.148
0.685407 0.0401331 0.727053 149.619 -0.00630583 0.99877 -0.0491871 -10.6235 -0.728133 0.0291286 0.684817 113.826
0.67841 0.0557355 0.732566 150.34 -0.0128724 0.997867 -0.0639994 -10.6157 -0.734571 0.033988 0.67768 114.587
0.67397 0.0535004 0.736819 150.907 -0.0142151 0.998129 -0.0594715 -10.6098 -0.738622 0.029608 0.673469 115.048
0.675159 0.0621691 0.735048 151.475 -0.0196264 0.997604 -0.0663483 -10.6932 -0.737411 0.0303693 0.674761 115.845
0.670688 0.0678186 0.738633 152.295 -0.0223698 0.997208 -0.071248 -10.7908 -0.741402 0.0312622 0.670332 116.41
0.662864 0.0607991 0.746267 152.803 -0.0175893 0.997687 -0.065659 -10.795 -0.748533 0.0303967 0.6624 116.986
0.659306 0.0646795 0.749087 153.543 -0.0191856 0.997416 -0.0692351 -10.8265 -0.75163 0.0312755 0.658843 117.571
0.648111 0.0803943 0.75729 154.161 -0.0305175 0.996355 -0.0796558 -10.8867 -0.760934 0.0285152 0.648202 118.008
0.643959 0.0798751 0.760879 154.868 -0.0280265 0.99633 -0.0808724 -10.9431 -0.764546 0.0307538 0.643835 118.589
0.641684 0.0754286 0.763251 155.546 -0.0295586 0.996845 -0.073663 -10.96 -0.7664 0.0247076 0.641889 119.16
0.633713 0.0882235 0.768521 156.3 -0.0475888 0.99604 -0.0751007 -10.8631 -0.772103 0.0110193 0.635402 119.788
0.62896 0.0436933 0.776209 157.145 -0.020328 0.999002 -0.0397628 -11.3444 -0.777172 0.00923038 0.62922 120.538
0.618602 0.0711612 0.782476 157.472 -0.0412456 0.997458 -0.0581049 -11.1823 -0.784621 0.00367017 0.619964 120.866
0.611586 0.094049 0.785568 158.502 -0.0511711 0.995533 -0.0793481 -10.904 -0.789521 0.00832981 0.613667 121.563
0.60247 0.0676041 0.795273 159.249 -0.0306437 0.997631 -0.0615915 -11.2821 -0.797553 0.0127369 0.603115 122.175
0.595245 0.0698507 0.800502 160.055 -0.0233791 0.997298 -0.0696383 -11.492 -0.803204 0.0227369 0.59527 122.78
0.586582 0.0903309 0.804837 160.759 -0.0346095 0.995649 -0.0865226 -11.1851 -0.80915 0.0228976 0.587156 123.26
0.586064 0.0359348 0.809468 161.555 -0.000315698 0.999026 -0.0441214 -11.3985 -0.810265 0.0256024 0.585504 123.852
0.576895 0.0610021 0.814537 162.491 -0.0161868 0.997865 -0.0632676 -11.6013 -0.816658 0.023314 0.576651 124.62
0.570398 0.0666405 0.818661 163.026 -0.0196905 0.997526 -0.0674812 -11.5425 -0.821132 0.0223713 0.570299 124.951
0.567185 0.0666163 0.820892 163.892 -0.0211043 0.997572 -0.0663723 -11.6353 -0.82332 0.020321 0.567214 125.528
0.557944 0.067859 0.8271 164.579 -0.0175966 0.997395 -0.0699605 -11.6762 -0.829692 0.0244798 0.557684 126.004
0.552939 0.0593495 0.831105 165.191 -0.0109679 0.997892 -0.0639628 -11.697 -0.83315 0.0262521 0.552424 126.423
0.552975 0.0524236 0.831547 166.039 -0.00882418 0.998331 -0.0570702 -11.6878 -0.833151 0.0242207 0.552515 126.845
0.537727 0.0964834 0.83758 166.89 -0.0389335 0.995212 -0.0896462 -11.9838 -0.84222 0.0155953 0.538909 127.469
0.539001 0.032748 0.841668 167.581 0.00288279 0.999166 -0.0407221 -11.6791 -0.8423 0.0243756 0.538458 127.881
0.531942 0.061095 0.844574 168.198 -0.0113908 0.99782 -0.0650062 -11.9401 -0.846704 0.0249592 0.531478 128.388
0.528454 0.064158 0.846534 169.03 -0.00933748 0.997519 -0.0697721 -11.9823 -0.848911 0.0289668 0.527742 128.93
0.526095 0.0673931 0.847751 169.718 -0.0117432 0.997336 -0.0719969 -12.0679 -0.850345 0.0279219 0.525485 129.482
0.523939 0.0614176 0.849538 170.307 -0.0105785 0.997789 -0.0656113 -12.0939 -0.85169 0.0253895 0.523431 129.854
