1 0 0 0 0 1 0 0 0 0 1 0
0.999823 -0.00517157 0.0180728 -69.8421 0.00516111 0.999986 0.000625173 -3.622 -0.0180758 -0.000531798 0.999837 120.66
0.999776 -0.00589257 0.0203399 -78.756 0.00580027 0.999973 0.00459342 -3.1162 -0.0203664 -0.00447441 0.999783 238.353
0.999738 -0.00943615 0.0208782 -87.7212 0.0092021 0.999894 0.0112778 -4.8525 -0.0209824 -0.0110827 0.999718 357.492
0.999698 -0.0137442 0.020385 -92.3962 0.0135128 0.999843 0.0114497 -3.6975 -0.0205392 -0.0111708 0.999727 482.836
0.999675 -0.0157692 0.0200338 -94.4588 0.0156086 0.999845 0.00814306 -1.86944 -0.0201591 -0.0078277 0.999766 597.515
0.999624 -0.0179414 0.0207416 -95.1071 0.0178547 0.999831 0.00435844 -0.044505 -0.0208162 -0.00398649 0.999775 715.324
0.999626 -0.0174042 0.0211154 -97.0628 0.0173182 0.999841 0.00424997 -0.603477 -0.021186 -0.0038827 0.999768 824.585
0.999624 -0.0176639 0.0209877 -110.23 0.0175472 0.99983 0.00573209 0.721769 -0.0210854 -0.00536165 0.999763 948.552
0.999585 -0.0185419 0.02206 -113.483 0.0183493 0.999792 0.00889862 1.20358 -0.0222204 -0.00849013 0.999717 1051.35
0.999561 -0.0200829 0.021768 -116.97 0.01986 0.999749 0.0104103 2.038 -0.0219716 -0.00997348 0.999709 1162.02
0.999493 -0.0220854 0.0229552 -121.874 0.0218311 0.999698 0.0112682 3.13332 -0.0231971 -0.0107614 0.999673 1266.17
0.999501 -0.0220785 0.02259 -122.499 0.0218218 0.999695 0.0115479 3.89029 -0.022838 -0.0110492 0.999678 1370.02
0.99946 -0.0223046 0.0241171 -131.569 0.022075 0.999709 0.0097448 5.29125 -0.0243274 -0.00920717 0.999662 1475.23
0.999417 -0.0239495 0.0243283 -141.015 0.0237738 0.999689 0.00748655 8.11016 -0.0245001 -0.0069038 0.999676 1580.59
0.99941 -0.0255826 0.0228969 -142.691 0.0254669 0.999661 0.0053299 11.0619 -0.0230256 -0.00474363 0.999724 1697.71
0.99945 -0.0255999 0.0210826 -140.289 0.0255005 0.999662 0.00497084 10.9441 -0.0212027 -0.00443049 0.999765 1804.05
0.999477 -0.024893 0.0206525 -141.466 0.024809 0.999683 0.00431358 11.4207 -0.0207533 -0.00379897 0.999777 1906.07
0.999511 -0.0243974 0.0195594 -147.253 0.024317 0.999695 0.00433762 11.9663 -0.0196592 -0.0038599 0.999799 2007.94
0.999417 -0.0266323 0.0213382 -154.19 0.0265172 0.999632 0.00565814 11.1799 -0.0214811 -0.00508898 0.999756 2118.52
0.999381 -0.0264338 0.0232211 -164.009 0.02629 0.999633 0.00647653 12.7632 -0.0233838 -0.00586206 0.999709 2226.34
0.999394 -0.0260685 0.0230598 -163.922 0.0259019 0.999636 0.0074915 12.3577 -0.0232468 -0.00688968 0.999706 2330.41
0.999373 -0.0286907 0.0207358 -160.869 0.0285246 0.999559 0.00826254 12.5164 -0.0209637 -0.00766586 0.999751 2431.6
0.999375 -0.0289607 0.0202572 -174.276 0.028835 0.999563 0.00646765 15.0096 -0.0204357 -0.0058795 0.999774 2522.9
0.999361 -0.0295817 0.0200417 -181.995 0.0294406 0.99954 0.00729851 14.7222 -0.0202483 -0.0067038 0.999772 2637.7
0.999308 -0.0305275 0.0212671 -191.881 0.0303435 0.9995 0.00892512 16.0235 -0.0215289 -0.00827364 0.999734 2744.86
0.999173 -0.0341682 0.0220241 -198.657 0.0339188 0.999357 0.0116 17.9258 -0.0224063 -0.0108434 0.99969 2842.14
0.999204 -0.0331084 0.022262 -200.624 0.0328003 0.999363 0.0140654 17.0617 -0.0227135 -0.013324 0.999653 2955.33
0.999212 -0.0325849 0.0226647 -201.529 0.032301 0.999396 0.0127828 18.3986 -0.0230675 -0.0120406 0.999661 3051.71
0.999261 -0.0312389 0.0224006 -207.07 0.0310263 0.999471 0.00977688 19.2577 -0.0226942 -0.00907463 0.999701 3148.87
0.999256 -0.0297724 0.0245017 -211.892 0.0295761 0.999528 0.00833525 20.3797 -0.0247383 -0.0076044 0.999665 3255.28
0.999235 -0.0297334 0.0254049 -217.832 0.0295356 0.999531 0.00813007 20.6335 -0.0256347 -0.00737353 0.999644 3351.87
0.999196 -0.0312493 0.0251058 -230.014 0.0310638 0.999487 0.00774526 20.3232 -0.025335 -0.00695916 0.999655 3446.02
0.999217 -0.0310525 0.0245065 -236.839 0.0308885 0.999498 0.00703982 20.4849 -0.0247128 -0.00627734 0.999675 3554.51
0.999182 -0.0313268 0.0255655 -245.498 0.0311584 0.99949 0.00695999 20.7308 -0.0257705 -0.0061577 0.999649 3658.35
0.99916 -0.0314707 0.0262351 -260.498 0.0312426 0.999471 0.00906033 18.1738 -0.0265064 -0.00823308 0.999615 3744.59
0.999192 -0.0321528 0.0241107 -264.523 0.0318769 0.999423 0.0117449 17.6008 -0.0244744 -0.0109668 0.99964 3845.9
0.999189 -0.0318366 0.024672 -273.592 0.0315076 0.999411 0.013609 16.8833 -0.0250907 -0.0128206 0.999603 3936.59
0.999236 -0.0312865 0.0234433 -274.287 0.0309735 0.999428 0.0135947 18.5389 -0.0238552 -0.0128582 0.999633 4030.41
0.999313 -0.0283241 0.0239105 -283.133 0.0280334 0.99953 0.0124046 20.1224 -0.0242506 -0.0117258 0.999637 4133.78
0.999318 -0.0276006 0.0245215 -291.995 0.0273051 0.999551 0.0123043 19.359 -0.0248501 -0.0116264 0.999624 4223.83
0.999327 -0.0274091 0.0243753 -300.102 0.0270818 0.99954 0.0136569 19.2986 -0.0247384 -0.0129876 0.99961 4312.08
0.999215 -0.0248603 0.0308481 -335.321 0.0244116 0.999592 0.0148402 22.5746 -0.0312044 -0.0140755 0.999414 4421.82
0.999261 -0.0226306 0.0310638 -334.499 0.02214 0.999626 0.0160474 20.7347 -0.0314154 -0.0153479 0.999389 4504.74
0.99931 -0.0198137 0.0314028 -332.108 0.0193782 0.999713 0.0141114 20.9625 -0.0316733 -0.0134931 0.999407 4580.58
0.999233 -0.0162637 0.0356148 -339.498 0.0158878 0.999815 0.0108127 22.3842 -0.035784 -0.0102385 0.999307 4674.18
0.999167 -0.0149183 0.0379723 -335.771 0.0146127 0.999859 0.00831207 26.0263 -0.038091 -0.00775025 0.999244 4768.82
0.999032 -0.0142019 0.0416419 -333.74 0.0138019 0.999856 0.00987781 24.457 -0.0417762 -0.00929352 0.999084 4849.78
0.998892 -0.0100461 0.0459707 -346.747 0.00949768 0.999881 0.0121335 25.4993 -0.0460871 -0.0116835 0.998869 4931.58
0.998633 -0.00623843 0.0518926 -349.238 0.00541948 0.999859 0.0159077 26.0791 -0.0519846 -0.0156048 0.998526 5025.58
0.998426 -0.00072967 0.056076 -348.601 -0.000275076 0.99984 0.0179077 22.9497 -0.05608 -0.0178949 0.998266 5097.07
0.998102 0.00236541 0.0615336 -348.116 -0.00347566 0.999833 0.0179422 25.4732 -0.0614809 -0.0181221 0.997944 5183.47
0.997589 0.00636049 0.0691016 -349.794 -0.00769967 0.999787 0.0191306 28.7581 -0.0689652 -0.0196165 0.997426 5260.39
0.99717 0.010267 0.0744705 -343.766 -0.0118652 0.999708 0.0210506 26.4834 -0.0742326 -0.0218746 0.997001 5311.68
0.996223 0.0141489 0.0856665 -353.702 -0.0160167 0.999648 0.0211545 25.7184 -0.085337 -0.0224467 0.996099 5383.18
0.995641 0.0181248 0.0914916 -346.002 -0.0202065 0.999556 0.0218782 24.8694 -0.0910544 -0.0236315 0.995565 5445.76
0.994882 0.0216926 0.0986921 -341.093 -0.023891 0.999491 0.0211487 26.6431 -0.098183 -0.0233983 0.994893 5520.2
0.993805 0.0266798 0.107891 -336.872 -0.0289231 0.999396 0.0192806 25.7385 -0.107311 -0.0222817 0.993976 5579.08
0.99303 0.0292637 0.114171 -330.366 -0.0313697 0.999368 0.0166928 25.9079 -0.113611 -0.020158 0.993321 5634.37
0.991715 0.0298807 0.124936 -333.131 -0.0321139 0.999358 0.0158986 28.7408 -0.124381 -0.0197791 0.992037 5703.39
0.991258 0.0283114 0.128863 -306.012 -0.0308325 0.999369 0.0176116 28.3097 -0.128283 -0.0214308 0.991506 5757.98
0.990263 0.0301832 0.135896 -295.31 -0.0330047 0.999283 0.018557 29.2148 -0.135238 -0.0228615 0.990549 5808.71
0.987727 0.0326416 0.152743 -334.616 -0.0359004 0.999182 0.0186254 30.6691 -0.15201 -0.0238803 0.98809 5862.89
0.986332 0.0377985 0.160377 -322.434 -0.0412408 0.998984 0.0181889 30.581 -0.159526 -0.0245544 0.986888 5907.27
0.984926 0.0418334 0.16784 -307.255 -0.0456878 0.998772 0.0191673 27.5097 -0.166832 -0.0265466 0.985628 5933.08
0.983189 0.0407308 0.177991 -298.542 -0.0449851 0.998789 0.0199303 28.5713 -0.176963 -0.0276022 0.98383 5982.9
0.981532 0.0397723 0.18712 -285.297 -0.0440219 0.998857 0.0186086 27.0708 -0.186166 -0.0265023 0.982161 6013.17
0.978721 0.0387414 0.201503 -293.499 -0.0424993 0.998993 0.0143551 28.1897 -0.200744 -0.0226134 0.979383 6051.91
0.975555 0.0398339 0.216117 -297.716 -0.0430646 0.99902 0.0102584 29.6855 -0.215496 -0.0193146 0.976314 6090.37
0.972094 0.0415869 0.230877 -285.931 -0.0447206 0.998965 0.00835425 29.0161 -0.23029 -0.0184461 0.972947 6127.01
0.968007 0.0429338 0.247221 -274.962 -0.0460788 0.998914 0.00694712 30.2326 -0.246654 -0.0181165 0.968934 6161.96
0.964003 0.0434136 0.262323 -256.313 -0.0467113 0.998888 0.00634516 29.6013 -0.261756 -0.0183702 0.964959 6196.51
0.958874 0.0425502 0.280623 -246.401 -0.045855 0.998935 0.00521787 30.111 -0.280102 -0.0178713 0.959804 6234.76
0.952613 0.0419274 0.301282 -244.65 -0.0456641 0.998942 0.00536772 30.2636 -0.300738 -0.0188711 0.95352 6270.33
0.946476 0.041858 0.320047 -229.904 -0.0459136 0.998932 0.00513314 27.7882 -0.319491 -0.0195529 0.947388 6298.51
0.939233 0.0445997 0.34037 -210.423 -0.0486237 0.998812 0.00329735 27.3322 -0.339819 -0.019647 0.940286 6334.27
0.930119 0.0453257 0.364451 -202.241 -0.0492504 0.998785 0.00147639 27.771 -0.363942 -0.0193226 0.931221 6372.58
0.919129 0.0470838 0.391132 -208.46 -0.0513784 0.998679 0.000515956 29.1965 -0.390591 -0.02057 0.920334 6412.63
0.909107 0.0498574 0.413569 -176.216 -0.0548325 0.998496 0.000160217 28.2209 -0.412939 -0.0228227 0.910473 6444.29
0.89579 0.0515159 0.441483 -163.538 -0.0571212 0.998367 -0.000596295 27.2395 -0.440792 -0.0246838 0.89727 6479.41
0.881307 0.0519302 0.469682 -156.235 -0.0580494 0.998313 -0.00145468 26.7507 -0.468965 -0.0259827 0.882835 6514.98
0.86558 0.0500717 0.498261 -130.138 -0.056018 0.998425 -0.00302026 26.0038 -0.497628 -0.0252973 0.867022 6548.59
0.847314 0.0475953 0.528956 -107.651 -0.0528098 0.998591 -0.00525899 25.2608 -0.528461 -0.023478 0.848633 6577.71
0.826896 0.0468888 0.560397 -75.733 -0.0504183 0.998686 -0.00916579 25.0349 -0.560091 -0.0206751 0.828173 6604.11
0.802576 0.0486913 0.59456 -69.8671 -0.0505263 0.99863 -0.0135788 24.6235 -0.594406 -0.0191429 0.803937 6642.18
0.777588 0.0510228 0.6267 -32.409 -0.0510912 0.998534 -0.0179034 24.7362 -0.626695 -0.0180974 0.779055 6670.27
0.748106 0.0533949 0.661428 -13.4801 -0.052708 0.998389 -0.0209814 23.0284 -0.661483 -0.0191662 0.749715 6702.66
0.717488 0.057323 0.694209 22.8966 -0.0569726 0.998098 -0.0235331 21.8219 -0.694237 -0.0226662 0.719389 6727.73
0.682868 0.0600509 0.728069 50.0052 -0.0602832 0.997849 -0.0257616 19.7761 -0.72805 -0.0262986 0.685019 6765.12
0.648265 0.0615236 0.758925 100.832 -0.0617525 0.997695 -0.0281316 18.6232 -0.758907 -0.0286288 0.650569 6783.54
0.604705 0.0566703 0.794431 121.83 -0.0574009 0.997972 -0.0274974 13.9157 -0.794379 -0.0289733 0.606732 6822.89
0.562138 0.0540031 0.825278 158.615 -0.0548157 0.998105 -0.0279745 10.0708 -0.825225 -0.0295127 0.564033 6839.95
0.514797 0.0524924 0.855704 208.058 -0.0533846 0.99815 -0.0291141 7.35213 -0.855649 -0.0306935 0.516646 6861.28
0.461817 0.0521866 0.885439 251.568 -0.0511699 0.998173 -0.0321424 6.36873 -0.885498 -0.030464 0.463643 6906.39
0.410008 0.0497566 0.910724 309.682 -0.0484176 0.99829 -0.0327431 3.17291 -0.910796 -0.0306701 0.411716 6931.18
0.355657 0.048006 0.933383 366.252 -0.0474378 0.99832 -0.0332701 3.22977 -0.933412 -0.0324449 0.357336 6953.7
0.296303 0.0435052 0.954103 418.563 -0.0476732 0.99839 -0.0307194 -1.90103 -0.953903 -0.0363829 0.2979 6986.4
0.242405 0.0427912 0.969231 491.088 -0.0520716 0.998161 -0.0310453 -1.85307 -0.968777 -0.0429438 0.244187 7005.13
0.190321 0.0429686 0.980781 561.203 -0.0497851 0.998179 -0.03407 -2.13848 -0.980459 -0.0423441 0.192114 7020.11
0.138182 0.0397038 0.989611 634.404 -0.0405832 0.998584 -0.034397 -6.59881 -0.989575 -0.0354085 0.139598 7040.98
0.0912791 0.0354573 0.995194 707.146 -0.0287842 0.999042 -0.0329543 -7.13894 -0.995409 -0.0256378 0.0922123 7052.81
0.0483455 0.0351556 0.998212 783.695 -0.0204223 0.999206 -0.0342015 -9.2431 -0.998622 -0.0187323 0.0490251 7053.32
0.00920242 0.0362968 0.999299 857.765 -0.0189162 0.999169 -0.0361179 -12.0025 -0.999779 -0.0185706 0.00988136 7052.44
-0.0247897 0.0381302 0.998965 937.401 -0.0111229 0.9992 -0.0384152 -13.4772 -0.999631 -0.0120637 -0.0243457 7051.26
-0.0546732 0.0371478 0.997813 1016.88 -0.00398116 0.999292 -0.037421 -16.1555 -0.998496 -0.00601838 -0.0544866 7051.99
-0.0803351 0.0356414 0.99613 1093.17 0.0019176 0.999364 -0.0356025 -19.6886 -0.996766 -0.000949947 -0.0803523 7046.22
-0.0995516 0.0353534 0.994404 1161.68 0.00563484 0.999372 -0.034966 -20.9417 -0.995016 0.00212239 -0.0996884 7030.08
-0.116356 0.0376468 0.992494 1253.27 0.00859551 0.999282 -0.0368966 -21.4931 -0.99317 0.00423785 -0.116596 7026.21
-0.129957 0.0373839 0.990815 1332.79 0.00837221 0.999295 -0.0366057 -24.8251 -0.991484 0.00353813 -0.130179 7017.2
-0.140978 0.0385186 0.989263 1420.87 0.00920828 0.999251 -0.0375952 -26.6041 -0.98997 0.00380931 -0.141227 7003.5
-0.149467 0.0417987 0.987883 1491.61 0.0137101 0.999098 -0.0401988 -29.5407 -0.988672 0.00753556 -0.149905 6983.78
-0.156255 0.0438497 0.986743 1581.78 0.0173363 0.998982 -0.0416483 -32.1576 -0.987565 0.0105987 -0.156856 6973.5
-0.161111 0.043769 0.985965 1667.52 0.017315 0.998988 -0.0415177 -33.252 -0.986784 0.010383 -0.161705 6960.07
-0.164862 0.040715 0.985476 1744.91 0.0159442 0.999127 -0.0386117 -35.8856 -0.986188 0.00934698 -0.165368 6949.1
-0.166736 0.0335394 0.985431 1842.06 0.0139373 0.999402 -0.0316566 -39.1178 -0.985903 0.00845597 -0.167104 6934.05
-0.168476 0.0282272 0.985301 1928.9 0.0145068 0.999553 -0.0261549 -40.9561 -0.985599 0.00988707 -0.168811 6919.01
-0.169179 0.0257177 0.98525 2022.67 0.0175225 0.99958 -0.023083 -43.8403 -0.98543 0.0133589 -0.169559 6900.76
-0.16894 0.0282096 0.985223 2103.69 0.0203488 0.999477 -0.0251284 -46.1357 -0.985416 0.015803 -0.169426 6887.06
-0.168028 0.0360867 0.985121 2205.58 0.0210653 0.999233 -0.0330106 -46.8596 -0.985557 0.0152051 -0.168659 6871.9
-0.166325 0.0443306 0.985074 2302.56 0.0225528 0.998899 -0.0411448 -48.6001 -0.985813 0.0153727 -0.167142 6857.84
-0.163734 0.0449872 0.985478 2400.89 0.0235327 0.998854 -0.0416879 -51.2532 -0.986224 0.0163652 -0.164605 6840.04
-0.161668 0.040567 0.986011 2500.72 0.0226473 0.999044 -0.0373899 -54.3154 -0.986585 0.0162857 -0.162432 6825.16
-0.159302 0.0343019 0.986634 2587.82 0.0218078 0.999274 -0.0312203 -57.3389 -0.986989 0.0165429 -0.159935 6814.47
-0.15652 0.0321051 0.987153 2697.19 0.0201188 0.999368 -0.0293124 -61.9362 -0.98747 0.0152723 -0.157067 6798.05
-0.153332 0.0382925 0.987432 2800.02 0.0278756 0.999019 -0.0344132 -65.1233 -0.987781 0.0222486 -0.154249 6785.57
-0.150272 0.0442242 0.987655 2898.87 0.0298576 0.998746 -0.040178 -67.1923 -0.988194 0.0234513 -0.151404 6767.72
-0.148009 0.0444871 0.987985 3001.85 0.0239411 0.998856 -0.04139 -69.9634 -0.988696 0.0175274 -0.148905 6757.31
-0.143583 0.0408914 0.988793 3091.59 0.0200288 0.999061 -0.0384076 -71.3643 -0.989435 0.0142896 -0.144268 6736.46
-0.140191 0.0368527 0.989438 3194.55 0.0228867 0.999161 -0.0339721 -77.3249 -0.98986 0.0178824 -0.140916 6725.59
-0.136673 0.0389904 0.989849 3294.47 0.027761 0.998983 -0.0355172 -79.4137 -0.990227 0.022625 -0.137616 6711.13
-0.133632 0.0439326 0.990057 3393.45 0.0279704 0.998786 -0.0405446 -81.9733 -0.990636 0.0222743 -0.134699 6697.58
-0.129569 0.0440593 0.990591 3481.72 0.0244766 0.99885 -0.0412251 -84.9219 -0.991268 0.0189048 -0.130498 6688.53
-0.12599 0.0436204 0.991072 3586.44 0.0237871 0.998879 -0.0409401 -88.6701 -0.991746 0.0184167 -0.126886 6675.64
-0.122159 0.0409444 0.991666 3687.72 0.0276323 0.998902 -0.0378393 -92.1647 -0.992126 0.0227796 -0.123156 6663.93
-0.119062 0.0419173 0.992002 3782.42 0.0326708 0.998733 -0.0382805 -96.7101 -0.992349 0.0278517 -0.120281 6649.82
-0.115158 0.0438113 0.992381 3875.65 0.0355804 0.998568 -0.0399556 -97.9639 -0.99271 0.0307081 -0.116552 6638.74
-0.113121 0.0437873 0.992616 3980.36 0.0358192 0.998559 -0.0399674 -102.079 -0.992935 0.0310336 -0.114527 6631.61
-0.110621 0.0415005 0.992996 4081.14 0.0376686 0.998585 -0.0375378 -108.008 -0.993149 0.0332523 -0.112028 6627.29
-0.106716 0.0413424 0.99343 4178.24 0.0394721 0.998524 -0.0373142 -110.439 -0.993506 0.0352308 -0.10819 6611.83
-0.103579 0.0415257 0.993754 4271.23 0.0370841 0.998595 -0.0378627 -113.187 -0.99393 0.0329307 -0.104974 6597.53
-0.100465 0.0430112 0.99401 4361.47 0.0344287 0.998617 -0.0397308 -115.454 -0.994345 0.0302309 -0.101807 6590.77
-0.0973417 0.0433376 0.994307 4470.64 0.0362617 0.998543 -0.0399723 -118.92 -0.99459 0.0321643 -0.0987713 6582.07
-0.0953005 0.0427151 0.994532 4571.78 0.0339932 0.998636 -0.039634 -123.132 -0.994868 0.0300302 -0.0966225 6572.47
-0.092311 0.0427068 0.994814 4671.87 0.0319203 0.998693 -0.0399114 -126.555 -0.995218 0.0280705 -0.0935536 6564.59
-0.0898023 0.0422184 0.995064 4778.85 0.0291196 0.998785 -0.0397483 -131.713 -0.995534 0.0254064 -0.0909226 6561.26
-0.0868609 0.0444132 0.99523 4863.17 0.0268375 0.998747 -0.0422279 -133.834 -0.995859 0.0230415 -0.087944 6549.24
-0.0837223 0.0470832 0.995376 4972.92 0.0253081 0.998661 -0.0451099 -139.302 -0.996168 0.0214144 -0.0848018 6542.34
-0.0803894 0.0497989 0.995519 5083.55 0.0258831 0.998519 -0.0478588 -143.099 -0.996427 0.0219198 -0.0815593 6535.85
-0.077534 0.0512879 0.99567 5190.22 0.0196782 0.99856 -0.0499044 -147.252 -0.996795 0.0157237 -0.0784317 6528.09
-0.0753459 0.0495806 0.995924 5283.21 0.0147264 0.998709 -0.0486052 -152.411 -0.997049 0.0110042 -0.0759788 6529.9
-0.0726396 0.050766 0.996065 5403.84 0.0171124 0.99862 -0.0496482 -156.695 -0.997211 0.0134386 -0.0734081 6523.92
-0.068974 0.0516451 0.996281 5507.26 0.0151991 0.998598 -0.050713 -161.728 -0.997503 0.0116447 -0.0696622 6515.54
-0.065198 0.0522157 0.996505 5618.72 0.0109346 0.998608 -0.0516104 -165.93 -0.997813 0.00753152 -0.0656782 6512.95
-0.0624506 0.0502036 0.996785 5719.11 0.0092938 0.99872 -0.0497188 -170.489 -0.998005 0.00615895 -0.0628373 6511.13
-0.0560786 0.0499498 0.997176 5817.49 0.00921811 0.998731 -0.0495092 -176.276 -0.998384 0.00641567 -0.0564679 6505.22
-0.0519567 0.0534152 0.99722 5935.33 0.00525385 0.99857 -0.0532138 -180.791 -0.998636 0.00247443 -0.052163 6503.04
-0.0489485 0.0615362 0.996904 6042.24 0.00385828 0.998104 -0.0614209 -187.145 -0.998794 0.00083987 -0.0490931 6513.91
-0.0410361 0.065713 0.996994 6143.25 0.00286353 0.997838 -0.0656508 -193.581 -0.999153 0.000160877 -0.0411355 6508.2
-0.0344439 0.0681819 0.997078 6245.83 -0.00181193 0.997664 -0.0682845 -199.898 -0.999405 -0.00415863 -0.0342399 6513.88
-0.0277201 0.0657247 0.997453 6332.9 -0.00697261 0.997799 -0.0659413 -206.5 -0.999591 -0.00878276 -0.0272008 6522.89
-0.0209153 0.0639256 0.997736 6447.86 -0.00642627 0.997925 -0.0640725 -213.77 -0.999761 -0.00775181 -0.0204611 6526.09
-0.0161265 0.0609324 0.998012 6560.12 -0.00668421 0.998112 -0.0610466 -218.763 -0.999848 -0.00765539 -0.0156888 6532.33
-0.0102423 0.0547262 0.998449 6667.3 -0.00878387 0.998458 -0.0548168 -225.625 -0.999909 -0.0093317 -0.0097458 6541.33
-0.00339146 0.0463671 0.998919 6772.27 -0.0117922 0.998853 -0.0464041 -232.158 -0.999925 -0.0119368 -0.00284081 6546.09
0.0038628 0.0436143 0.999041 6878.84 -0.0110373 0.99899 -0.0435694 -236.963 -0.999932 -0.0108584 0.00434028 6549.47
0.0106486 0.0453578 0.998914 6963.93 -0.013508 0.998886 -0.0452126 -242.294 -0.999852 -0.0130119 0.0112495 6562.42
0.0125651 0.0525146 0.998541 7080.5 -0.0128187 0.998546 -0.0523536 -246.886 -0.999839 -0.0121422 0.01322 6573.47
0.0173787 0.0567291 0.998238 7193.87 -0.0143806 0.9983 -0.0564823 -250.246 -0.999746 -0.0133737 0.018165 6585.58
0.021861 0.0592814 0.998002 7290.57 -0.0168832 0.99812 -0.0589186 -256.815 -0.999619 -0.0155615 0.0228208 6589.23
0.0258185 0.058578 0.997949 7396.42 -0.0195549 0.99812 -0.0580822 -262.537 -0.999475 -0.0180152 0.0269154 6602.08
0.0301809 0.0552676 0.998015 7491.72 -0.0153281 0.998378 -0.0548242 -269.625 -0.999427 -0.013643 0.0309791 6617.36
0.0341805 0.0496554 0.998181 7604.37 -0.0146821 0.998682 -0.0491775 -272.253 -0.999308 -0.0129745 0.0348645 6623.44
0.0371001 0.0428051 0.998394 7703.81 -0.0159409 0.99898 -0.0422379 -277.26 -0.999184 -0.0143483 0.0377447 6630.99
0.0404097 0.0392079 0.998414 7799.08 -0.0199756 0.999062 -0.0384249 -281.575 -0.998984 -0.0183912 0.041155 6637.22
0.0442148 0.0391498 0.998255 7890.93 -0.02142 0.999039 -0.0382319 -285.069 -0.998792 -0.0196922 0.0450109 6640.03
0.0442713 0.0405279 0.998197 7962.57 -0.0217978 0.998978 -0.0395928 -288.459 -0.998782 -0.0200057 0.0451095 6660.34
0.0456896 0.0446781 0.997956 8070.95 -0.0270449 0.998688 -0.0434727 -292.388 -0.99859 -0.0250033 0.046838 6671.56
0.0477044 0.048391 0.997689 8162.37 -0.0269668 0.998524 -0.0471421 -296.858 -0.998497 -0.0246555 0.0489389 6675.7
0.0490197 0.0533564 0.997372 8256.91 -0.0275621 0.998264 -0.0520495 -301.431 -0.998417 -0.0249383 0.0504052 6685.26
0.0509212 0.0557167 0.997147 8344.41 -0.0268316 0.998158 -0.054403 -305.494 -0.998342 -0.0239848 0.0523224 6690.7
0.0526158 0.0555777 0.997067 8434.79 -0.0293105 0.998106 -0.0540889 -309.749 -0.998185 -0.0263786 0.0541451 6700.46
0.0530684 0.0514519 0.997265 8501.19 -0.0274327 0.99837 -0.0500492 -315.179 -0.998214 -0.0247016 0.0543934 6703.71
0.0534357 0.0492448 0.997356 8604.03 -0.027895 0.998467 -0.0478051 -319.715 -0.998182 -0.0252667 0.0547274 6711.92
0.0532939 0.0480593 0.997422 8694.33 -0.0269032 0.998548 -0.046676 -323.744 -0.998216 -0.0243463 0.0545095 6716.38
0.0520283 0.0473773 0.997521 8784.52 -0.0260847 0.998598 -0.046068 -327.166 -0.998305 -0.0236232 0.0531912 6723.1
0.049459 0.0479736 0.997623 8868.69 -0.0284156 0.998509 -0.0466074 -331.931 -0.998372 -0.0260429 0.0507485 6731.19
0.0473291 0.0510327 0.997575 8946.38 -0.0293958 0.998333 -0.0496768 -335.454 -0.998447 -0.0269734 0.0487504 6733.3
0.045238 0.0550008 0.997461 9014.45 -0.0267736 0.998191 -0.0538268 -339.267 -0.998617 -0.0242706 0.0466288 6743.02
0.0433435 0.0561412 0.997482 9107.77 -0.0254677 0.998157 -0.0550726 -343.389 -0.998736 -0.0230166 0.0446934 6747.99
0.0407137 0.054639 0.997676 9183.61 -0.0252685 0.998241 -0.0536388 -347.104 -0.998851 -0.0230259 0.0420228 6750.41
0.0379902 0.0514015 0.997955 9260.5 -0.0265461 0.998376 -0.0504126 -351.39 -0.998926 -0.0245766 0.039293 6758.55
0.0365976 0.0473152 0.998209 9317.89 -0.0269251 0.998563 -0.0463448 -355.723 -0.998967 -0.0251807 0.037819 6757.3
0.0344887 0.0466677 0.998315 9399.87 -0.023095 0.99868 -0.0458869 -360.42 -0.999138 -0.0214735 0.035521 6757.94
0.0317717 0.0487172 0.998307 9474.34 -0.0195808 0.99865 -0.0481108 -363.336 -0.999303 -0.0180191 0.0326828 6765.49
0.0292437 0.0517243 0.998233 9547.02 -0.0159501 0.998557 -0.0512739 -366.067 -0.999445 -0.0144225 0.0300265 6763.84
0.0268761 0.0542026 0.998168 9622.53 -0.0162709 0.99842 -0.0537782 -367.582 -0.999506 -0.0147958 0.0277156 6768.49
0.0274384 0.0563358 0.998035 9685.03 -0.0159846 0.998308 -0.0559118 -371.632 -0.999496 -0.014419 0.0282924 6766.92
0.0254101 0.0545694 0.998187 9763.26 -0.0142193 0.998428 -0.0542206 -376.384 -0.999576 -0.0128157 0.0261461 6769.47
0.0262952 0.0542991 0.998178 9834.6 -0.00854797 0.9985 -0.0540914 -379.215 -0.999618 -0.00711005 0.0267199 6768.22
0.0272438 0.0531912 0.998213 9906.71 -0.00386722 0.998582 -0.0531053 -382.1 -0.999621 -0.00241352 0.0274108 6773.29
0.0296752 0.053161 0.998145 9984.84 -0.000538019 0.998586 -0.0531685 -384.644 -0.99956 0.00104076 0.0296619 6776.48
0.0321966 0.052726 0.99809 10056.1 -0.00309328 0.998608 -0.0526536 -388.205 -0.999477 -0.00139211 0.0323149 6786.58
0.0374404 0.053421 0.99787 10127.6 -0.00427452 0.99857 -0.0532981 -391.613 -0.99929 -0.00226992 0.0376152 6788.23
0.0438002 0.0524507 0.997662 10184.8 -0.00305745 0.998623 -0.052367 -394.324 -0.999036 -0.000756618 0.0439003 6797.5
0.0515709 0.0522602 0.997301 10263.7 -0.00490081 0.998631 -0.0520765 -398.421 -0.998657 -0.00220196 0.0517564 6807.86
0.0599811 0.050764 0.996908 10346.6 -0.00370861 0.99871 -0.0506327 -400.314 -0.998193 -0.000660138 0.060092 6813.71
0.0688882 0.0496188 0.99639 10421.4 -0.00732152 0.998761 -0.0492307 -404.794 -0.997598 -0.00390368 0.0691661 6822.12
0.0789982 0.0496282 0.995639 10499.6 -0.00851963 0.998757 -0.0491076 -407.517 -0.996838 -0.00460306 0.0793228 6824.61
0.088542 0.0527453 0.994675 10576.9 -0.013442 0.998569 -0.0517553 -411.031 -0.995982 -0.00878791 0.0891243 6840.8
0.0989878 0.0540967 0.993617 10638.7 -0.0164712 0.998473 -0.0527202 -414.377 -0.994952 -0.0111474 0.0997277 6845.24
0.109768 0.0570652 0.992318 10730.7 -0.0206554 0.998266 -0.0551224 -417.598 -0.993743 -0.014446 0.110757 6862.79
0.120412 0.0587225 0.990986 10811.4 -0.0223424 0.998156 -0.0564327 -422.297 -0.992472 -0.0153458 0.121502 6872.85
0.130689 0.0596062 0.98963 10893.3 -0.0244695 0.998081 -0.0568838 -423.478 -0.991121 -0.0167817 0.131896 6889.19
0.142182 0.0600972 0.988015 10970.3 -0.0250004 0.998055 -0.0571102 -426.904 -0.989525 -0.0165807 0.143408 6897.55
0.152197 0.0601668 0.986517 11028.6 -0.0305136 0.997956 -0.0561569 -430.687 -0.987879 -0.0215553 0.153721 6905.41
0.16331 0.0558994 0.98499 11124.4 -0.0285528 0.998243 -0.0519175 -431.904 -0.986162 -0.0196456 0.164619 6923.64
0.173818 0.0495601 0.98353 11207 -0.0262812 0.99861 -0.0456753 -434.944 -0.984427 -0.0179091 0.174879 6938.06
0.186347 0.0453244 0.981438 11279.5 -0.0246344 0.998837 -0.0414506 -438.701 -0.982175 -0.016453 0.187247 6947.4
0.196547 0.0420357 0.979593 11375.5 -0.0256834 0.998958 -0.0377136 -441.715 -0.980158 -0.0177467 0.197422 6973.33
0.205993 0.0410144 0.977694 11464.2 -0.0194875 0.999095 -0.0378063 -442.85 -0.978359 -0.0112649 0.206606 6993.52
0.214493 0.036738 0.976034 11547.5 -0.0132216 0.99931 -0.0347085 -444.49 -0.976636 -0.00545997 0.214831 7011.75
0.222091 0.0286487 0.974605 11647.2 -0.00230439 0.999581 -0.0288577 -445.122 -0.975023 0.00416318 0.222064 7035.37
0.228134 0.0250202 0.973308 11727.8 0.00196581 0.999656 -0.0261583 -448.467 -0.973628 0.00788093 0.228006 7053.37
0.236933 0.0251046 0.971202 11821.5 0.0038395 0.999634 -0.0267762 -452.614 -0.971518 0.0100731 0.23675 7074
0.243802 0.0326836 0.969274 11907.2 0.00518086 0.999374 -0.0350017 -455.03 -0.969811 0.0135552 0.24348 7097.26
0.252203 0.0371092 0.966963 11992 0.0101411 0.999108 -0.0409878 -457.671 -0.967621 0.0201433 0.251602 7112.01
0.25777 0.0391874 0.965411 12084.6 0.00744784 0.999067 -0.0425421 -462.176 -0.966178 0.0181563 0.257238 7138.59
0.26226 0.0394834 0.964189 12179.9 0.00150568 0.999145 -0.0413243 -465.874 -0.964996 0.0122895 0.261976 7169.35
0.267097 0.0431208 0.962704 12268.8 -0.00673201 0.999057 -0.0428814 -469.269 -0.963646 0.00497258 0.267136 7192.54
0.272125 0.0455758 0.961182 12344.5 -0.00759594 0.998948 -0.045216 -474.43 -0.962232 0.00500331 0.272185 7212.36
0.276004 0.0499111 0.95986 12435.2 -0.0108959 0.998749 -0.0488002 -478.291 -0.961095 0.00301054 0.276203 7239.11
0.279702 0.0520166 0.958677 12518.3 -0.0144889 0.998646 -0.0499581 -484.282 -0.959977 8.32621e-05 0.280077 7261.64
0.284767 0.0509048 0.957244 12608.8 -0.0151265 0.998703 -0.0486096 -486.675 -0.958477 -0.000637317 0.285168 7290.07
0.288496 0.0477501 0.95629 12696.1 -0.013521 0.998859 -0.0457967 -490.567 -0.957386 0.000282165 0.288812 7318.33
0.292078 0.0445635 0.955356 12774.6 -0.0124135 0.999006 -0.0428045 -492.57 -0.956314 0.000642905 0.292341 7343.81
0.295799 0.0437587 0.954248 12865.1 -0.0129654 0.999042 -0.0417938 -496.048 -0.955162 -9.6783e-06 0.296083 7370.3
0.299752 0.045006 0.952955 12947.6 -0.0144566 0.998986 -0.0426326 -498.985 -0.953907 -0.000997266 0.300099 7394.83
0.302024 0.0456859 0.952205 13023.9 -0.0146992 0.998955 -0.0432666 -503.638 -0.953187 -0.000929108 0.30238 7422.23
0.303677 0.0440168 0.951758 13104.8 -0.0120027 0.99903 -0.0423734 -506.887 -0.9527 0.00144415 0.30391 7452.37
0.308131 0.0434256 0.950352 13186.1 -0.0105911 0.999052 -0.042217 -510.373 -0.951285 0.00294316 0.308299 7465.68
0.308556 0.0430044 0.950234 13253.6 -0.0102775 0.99907 -0.0418773 -511.739 -0.951151 0.00315546 0.308711 7500.51
0.308973 0.043189 0.95009 13336.7 -0.0106726 0.999063 -0.0419444 -516.925 -0.951011 0.00281979 0.309144 7531.69
0.312253 0.044928 0.948936 13414.4 -0.0106159 0.998984 -0.0438043 -519.188 -0.94994 0.00360421 0.312412 7556.95
0.315611 0.044812 0.94783 13492.1 -0.00639076 0.998962 -0.0451014 -522.889 -0.948867 0.00817715 0.31557 7582.79
0.319246 0.0449107 0.946607 13560.8 -0.00605029 0.998953 -0.0453537 -526.215 -0.947653 0.00875172 0.319183 7601.01
0.321622 0.0437153 0.945858 13633.4 -0.0017628 0.99896 -0.0455701 -527.98 -0.946866 0.012989 0.321365 7630.77
0.325094 0.0429541 0.944706 13686.7 -0.00176446 0.998994 -0.0448152 -532.313 -0.94568 0.0129023 0.324843 7650.63
0.328139 0.0428178 0.943659 13768.2 -0.000500143 0.99898 -0.045154 -535.879 -0.944629 0.0143448 0.327825 7681.55
0.331625 0.0418989 0.94248 13838.1 0.000264298 0.999009 -0.0445049 -539.153 -0.943411 0.0150081 0.331286 7706.54
0.332018 0.0423242 0.942323 13905 0.00235426 0.998953 -0.0456972 -540.413 -0.94327 0.0173908 0.331571 7750.3
0.336692 0.0428405 0.94064 13972.3 0.00267009 0.998917 -0.0464504 -544.648 -0.941611 0.0181511 0.336213 7771.36
0.343077 0.0436923 0.938291 14039.8 0.00532516 0.998811 -0.0484576 -546.552 -0.939292 0.0216212 0.342436 7790.33
0.348831 0.0468087 0.936016 14091 0.00431477 0.998661 -0.0515495 -548.761 -0.937176 0.0220208 0.348162 7809.22
0.353483 0.0526862 0.933956 14168.4 0.000473229 0.998402 -0.0565009 -553.533 -0.935441 0.0204141 0.352894 7841.9
0.361973 0.059213 0.930306 14235.6 -0.0049408 0.998088 -0.0616048 -558.03 -0.932175 0.0177028 0.361574 7861.66
0.366648 0.0650798 0.928081 14298.2 -0.00955519 0.997761 -0.0661911 -562.152 -0.930311 0.0154008 0.366449 7896.39
0.373519 0.0700981 0.92497 14361.8 -0.0126153 0.997432 -0.0704953 -564.494 -0.927537 0.0146626 0.373445 7925.26
0.378789 0.069659 0.922858 14416.9 -0.0162482 0.99751 -0.0686247 -567.124 -0.925341 0.0109995 0.378977 7956.22
0.384919 0.0677021 0.920464 14492.3 -0.0231208 0.9977 -0.0637143 -572.41 -0.922661 0.00324301 0.385599 7987.94
0.391438 0.0637338 0.917995 14561 -0.0298517 0.997953 -0.0565562 -577.88 -0.91972 -0.00526546 0.392539 8020.32
0.398017 0.0610667 0.915344 14627.3 -0.0355539 0.998059 -0.0511253 -580.979 -0.916689 -0.0121953 0.399415 8058.26
0.405034 0.0580142 0.912459 14687.8 -0.0386806 0.998179 -0.0462942 -586.077 -0.913483 -0.0165437 0.406541 8077.21
0.412484 0.0618062 0.908866 14768.3 -0.0436759 0.99789 -0.0480382 -587.835 -0.909917 -0.0198805 0.414313 8116.58
0.419776 0.0651597 0.905286 14836.5 -0.0467045 0.997649 -0.0501511 -591.507 -0.906425 -0.0212287 0.421832 8145.87
0.425904 0.0681062 0.902201 14887.9 -0.0486947 0.997443 -0.0523085 -594.776 -0.903457 -0.021654 0.428131 8177.16
0.432555 0.0704092 0.898854 14964.1 -0.051687 0.997243 -0.0532429 -598.703 -0.900125 -0.0234286 0.435002 8223.65
0.440071 0.0708282 0.895166 15037.6 -0.0537673 0.997174 -0.052467 -601.809 -0.896352 -0.0250414 0.442635 8257.98
0.446971 0.0724259 0.891612 15103.6 -0.059343 0.996922 -0.0512312 -603.507 -0.892578 -0.0300121 0.449893 8301.35
0.45476 0.0695475 0.887895 15184.7 -0.0589351 0.997111 -0.0479171 -608.156 -0.888662 -0.0305374 0.457545 8342.07
0.462612 0.0677771 0.883966 15256.9 -0.0596174 0.997195 -0.0452587 -610.659 -0.884554 -0.0317626 0.465355 8387.44
0.473004 0.0683929 0.878402 15328.6 -0.0601545 0.997163 -0.0452476 -612.933 -0.879004 -0.0314375 0.475777 8417
0.480095 0.0703351 0.874392 15408.9 -0.0635487 0.99695 -0.0453013 -614.588 -0.874912 -0.0338175 0.483101 8466.99
0.488145 0.0709201 0.869876 15478.6 -0.0643074 0.996906 -0.0451895 -618.379 -0.87039 -0.0338804 0.491196 8513.8
0.4957 0.071092 0.865579 15549.8 -0.066118 0.996841 -0.0440084 -621.721 -0.865973 -0.0354154 0.498834 8559.83
0.501621 0.0703999 0.862218 15634.4 -0.0658322 0.9969 -0.0430968 -624.39 -0.862579 -0.0351435 0.5047 8607.96
0.505443 0.0690197 0.860095 15713.3 -0.0644353 0.997032 -0.0421424 -628.245 -0.860451 -0.0341199 0.50839 8655.31
0.509966 0.0668052 0.857597 15786.4 -0.0609737 0.997279 -0.0414285 -630.773 -0.858031 -0.0311637 0.512652 8702.55
0.513756 0.0638573 0.855557 15854.3 -0.0559628 0.997597 -0.0408537 -633.773 -0.856109 -0.0268905 0.516095 8744.25
0.517182 0.0587988 0.853853 15938.4 -0.048691 0.998043 -0.0392358 -636.543 -0.854489 -0.0212829 0.519033 8800.75
0.52125 0.054065 0.851689 16022 -0.0430928 0.998386 -0.0370036 -638.127 -0.852315 -0.0174135 0.522739 8849.68
0.52517 0.0493431 0.849566 16103.5 -0.0377134 0.998686 -0.0346911 -640.644 -0.850161 -0.0138213 0.52634 8899.47
0.528939 0.0480026 0.847301 16164.6 -0.0379683 0.998738 -0.0328798 -643.403 -0.84781 -0.0147791 0.530094 8939.75
0.532007 0.0503458 0.845242 16251.2 -0.0396958 0.998616 -0.0344962 -646.222 -0.845809 -0.0152003 0.533269 8993
0.535675 0.054284 0.842678 16326.3 -0.0453032 0.998342 -0.0355132 -649.977 -0.843208 -0.0191525 0.537246 9043.4
0.539637 0.057225 0.839951 16402.7 -0.0513116 0.998068 -0.0350315 -651.834 -0.840333 -0.0241949 0.541531 9095.45
0.541999 0.052734 0.838723 16470.2 -0.0496527 0.998295 -0.0306804 -653.644 -0.838911 -0.0250161 0.543693 9147.78
0.5461 0.0494255 0.836261 16562 -0.0522857 0.998323 -0.0248599 -653.742 -0.836087 -0.0301485 0.547768 9207.53
0.549947 0.042688 0.834108 16641.8 -0.0508954 0.99855 -0.0175473 -656.128 -0.833647 -0.0328021 0.551322 9259.03
0.555328 0.0385529 0.830737 16719.7 -0.0489327 0.998709 -0.0136377 -657.586 -0.830191 -0.0330768 0.556497 9315.36
0.560657 0.0367456 0.827232 16784.9 -0.0430932 0.998956 -0.0151671 -658.172 -0.826926 -0.0271446 0.561655 9355.76
0.565948 0.0357861 0.823664 16866.6 -0.0324056 0.999251 -0.0211487 -658.303 -0.823804 -0.0147222 0.566684 9419.71
0.571891 0.0394404 0.819381 16945.7 -0.0265066 0.99921 -0.0295959 -659.37 -0.819902 -0.00479341 0.572484 9471.1
0.577757 0.0409915 0.815179 17022.1 -0.0242985 0.999159 -0.0330215 -661.931 -0.815847 -0.000729263 0.578267 9524.27
0.58541 0.0363335 0.809923 17102.2 -0.0215514 0.99934 -0.0292536 -664.524 -0.810451 -0.000329584 0.585807 9575.91
0.592117 0.0309726 0.805256 17175.8 -0.0167409 0.999518 -0.0261346 -667.025 -0.805678 0.00199404 0.59235 9631.81
0.597194 0.0286104 0.801586 17232.9 -0.0119175 0.99957 -0.0267981 -667.92 -0.802008 0.00645078 0.597278 9683.27
0.602629 0.0307141 0.797431 17327.1 -0.00824734 0.999445 -0.0322624 -670.057 -0.797979 0.0128656 0.602548 9751.27
0.607172 0.0320298 0.793924 17410.2 -0.00756679 0.999375 -0.0345315 -670.329 -0.794534 0.0149591 0.607035 9814.64
0.611335 0.0299476 0.790805 17488.2 -0.0062542 0.999435 -0.0330136 -673.781 -0.791347 0.0152365 0.611178 9872.05
0.613474 0.0247562 0.789327 17559.5 -0.0034791 0.999584 -0.0286466 -676.641 -0.789708 0.0148278 0.613304 9930.79
0.615475 0.0203812 0.787893 17626.9 0.000333049 0.999659 -0.0261194 -677.764 -0.788156 0.0163382 0.615258 9981.45
0.617381 0.0152598 0.786516 17720 0.00486265 0.999719 -0.0232132 -679.128 -0.786649 0.018156 0.617133 10047.4
0.618015 0.0150499 0.786022 17800.3 0.00436676 0.999736 -0.0225753 -680.293 -0.786154 0.0173842 0.617786 10111.4
0.616139 0.01508 0.787493 17876.3 0.00282929 0.999768 -0.0213586 -683.09 -0.787632 0.0153879 0.615953 10177.1
0.614914 0.0176554 0.788397 17952.1 0.000288288 0.999744 -0.0226132 -685.621 -0.788594 0.0141324 0.614751 10246.4
0.61422 0.0212737 0.788848 18009.2 -0.00379384 0.999705 -0.0240061 -687.211 -0.789126 0.0117522 0.614119 10285.9
0.610883 0.0249298 0.791328 18101.3 -0.00702103 0.999635 -0.0260722 -689.125 -0.79169 0.0103711 0.610835 10363.7
0.611577 0.0272797 0.790714 18189.8 -0.0116077 0.999607 -0.0255085 -691.751 -0.7911 0.00642202 0.611654 10420.6
0.606397 0.0280508 0.794667 18261.5 -0.0133814 0.999596 -0.0250735 -693.565 -0.795049 0.00457069 0.606528 10489.8
0.604313 0.0265531 0.796304 18339 -0.0144784 0.999645 -0.022346 -697.044 -0.796615 0.00197479 0.604483 10549.9
0.602045 0.0247098 0.79808 18401.1 -0.0162543 0.999693 -0.0186903 -700.867 -0.798297 -0.00171983 0.602262 10592.6
0.597688 0.0206637 0.801462 18489.4 -0.0116779 0.999786 -0.0170683 -702.715 -0.801644 0.000842135 0.597802 10658.8
0.594811 0.0252901 0.803468 18567.6 -0.0120412 0.999673 -0.0225517 -704.661 -0.803775 0.00373933 0.594921 10720.4
0.590465 0.0361629 0.806253 18642.3 -0.0182715 0.999339 -0.0314421 -706.717 -0.806856 0.00383398 0.590735 10782.6
0.587358 0.0432576 0.80817 18708.9 -0.0219167 0.999054 -0.0375463 -710.238 -0.80903 0.00434069 0.587751 10826.1
0.582781 0.0410026 0.811594 18793.5 -0.023467 0.999159 -0.0336277 -712.914 -0.812291 0.000551859 0.583253 10889.2
0.581673 0.0388558 0.812494 18879.3 -0.0273678 0.999228 -0.028193 -715.878 -0.812962 -0.00583711 0.582287 10938.7
0.57334 0.0367679 0.818492 18943 -0.0303005 0.999261 -0.0236633 -718.426 -0.818757 -0.0112336 0.57403 11006.5
0.5692 0.0372151 0.821357 19015.3 -0.0306643 0.999241 -0.0240246 -720.661 -0.821627 -0.0115115 0.569909 11056.4
0.567728 0.0360162 0.822428 19085.7 -0.030408 0.999278 -0.0227701 -724.672 -0.822655 -0.0120812 0.568413 11099.9
0.562279 0.0361018 0.826159 19170.7 -0.0269238 0.999316 -0.0253443 -727.039 -0.826509 -0.00799278 0.562866 11164.2
0.55966 0.0361747 0.827932 19253.7 -0.0245819 0.999332 -0.027047 -730.299 -0.828358 -0.00521501 0.560175 11213
0.554714 0.0385941 0.831145 19332.9 -0.0232568 0.999253 -0.0308783 -732.295 -0.831716 -0.00220113 0.555197 11267.8
0.549363 0.0386357 0.83469 19410.4 -0.0237593 0.999249 -0.0306151 -735.547 -0.835246 -0.00301287 0.549868 11324
0.545227 0.0410674 0.837282 19476.2 -0.0291791 0.999124 -0.0300045 -739.645 -0.83778 -0.00807185 0.545948 11364.7
0.540344 0.0420453 0.840393 19569.4 -0.0305842 0.999072 -0.0303195 -743.136 -0.840889 -0.00931981 0.541128 11414.4
0.534234 0.0442771 0.844177 19651.4 -0.0325848 0.998964 -0.0317745 -744.488 -0.844709 -0.0105323 0.535123 11467.4
0.526705 0.0521358 0.848448 19729.9 -0.0375293 0.99857 -0.0380629 -746.814 -0.849219 -0.0117937 0.527909 11519.3
0.519594 0.0573626 0.852485 19790.3 -0.0407369 0.998272 -0.0423431 -748.809 -0.853441 -0.0127264 0.521034 11561.5
0.51253 0.0612303 0.856484 19881.9 -0.0425571 0.99804 -0.0458836 -751.695 -0.857614 -0.0129328 0.514131 11614.6
0.505297 0.0552915 0.861173 19953.1 -0.0458066 0.998257 -0.0372157 -757.757 -0.861729 -0.0206424 0.506949 11652.3
0.49777 0.0494921 0.865896 20043.4 -0.0526806 0.998252 -0.0267732 -762.831 -0.865707 -0.032289 0.499508 11697.7
0.489553 0.043886 0.870868 20126.3 -0.0520035 0.998424 -0.0210805 -764.589 -0.870421 -0.0349682 0.491064 11752
0.48144 0.0438585 0.875381 20222.4 -0.0561847 0.998237 -0.0191136 -766.039 -0.874676 -0.039981 0.483056 11804.7
0.47271 0.045473 0.880044 20306.8 -0.0552098 0.998234 -0.0219245 -767.432 -0.879487 -0.0382232 0.474386 11849.9
0.465482 0.046354 0.883843 20398.4 -0.0494642 0.998429 -0.0263129 -769.712 -0.883674 -0.0314704 0.467043 11896
0.457325 0.0563294 0.887514 20477.4 -0.0496477 0.998053 -0.0377623 -771.185 -0.887913 -0.0267934 0.459231 11947.8
0.449827 0.0579013 0.891237 20571.3 -0.0456079 0.998084 -0.0418235 -773.863 -0.891951 -0.0218342 0.451605 11992
0.442176 0.0539706 0.895303 20661.4 -0.0437107 0.998299 -0.0385914 -777.766 -0.895862 -0.0220702 0.443783 12033
0.433927 0.0483078 0.899652 20747.1 -0.0403979 0.9986 -0.0341359 -780.747 -0.900042 -0.0215316 0.435271 12078.6
0.425834 0.0478456 0.903535 20846.3 -0.0407624 0.998601 -0.0336685 -783.435 -0.903883 -0.0224931 0.427188 12127.6
0.418387 0.0484844 0.906974 20937.4 -0.0411991 0.998559 -0.0343752 -786.667 -0.907334 -0.0229843 0.419782 12165.8
0.411727 0.0471519 0.910086 21018.2 -0.0370831 0.9987 -0.0349664 -789.453 -0.910552 -0.0193522 0.412941 12204.8
0.406198 0.0413739 0.912848 21111.3 -0.0323595 0.998999 -0.0308794 -793.195 -0.913212 -0.0169962 0.40713 12248.1
0.400735 0.038298 0.915393 21205.7 -0.031671 0.999108 -0.0279357 -796.468 -0.915647 -0.0177966 0.40159 12289.2
0.396126 0.0370064 0.91745 21297.3 -0.0338119 0.999098 -0.0257009 -799.193 -0.917573 -0.0208399 0.39702 12332
0.390454 0.0389358 0.919798 21380.6 -0.0339072 0.999035 -0.0278963 -801.671 -0.919998 -0.0202956 0.391398 12370.8
0.386772 0.0422027 0.921209 21478.9 -0.0331723 0.998942 -0.0318364 -804.687 -0.921578 -0.0182452 0.387763 12406.1
0.383372 0.0483444 0.922328 21567.3 -0.0334409 0.998701 -0.0384476 -807.002 -0.922988 -0.0161037 0.384491 12446.3
0.379866 0.0506305 0.923655 21657.6 -0.0358072 0.998557 -0.0400101 -810.84 -0.924348 -0.0178751 0.381131 12483.9
0.376766 0.0454861 0.925191 21745.9 -0.0355477 0.998768 -0.0346273 -814.554 -0.925626 -0.019842 0.377919 12516
0.374315 0.0372705 0.926552 21818.4 -0.0324339 0.999107 -0.0270861 -816.224 -0.926734 -0.019913 0.37519 12550.6
