1 0 0 0 0 1 0 0 0 0 1 0
-0.239856 -0.239346 -0.940841 1701.79 -0.225015 0.956447 -0.185951 305.238 0.944371 0.167102 -0.283266 6433.23
-0.401977 -0.250563 -0.8807 -525.764 -0.266512 0.952204 -0.149263 -59.0763 0.876006 0.174717 -0.449542 5475.5
0.486913 0.237721 -0.840479 -797.615 0.282599 -0.953371 -0.105933 -99.1866 -0.82647 -0.185938 -0.531389 5325.98
0.492069 0.234939 -0.838255 -797.047 0.280835 -0.954257 -0.102596 -99.0934 -0.824015 -0.184927 -0.535539 5326.07
0.499205 0.233296 -0.834486 -801.332 0.28248 -0.954275 -0.0977999 -99.7494 -0.819145 -0.186903 -0.542281 5324.49
0.498039 0.226742 -0.836986 -801.543 0.275662 -0.956539 -0.0950997 -99.7737 -0.822173 -0.183362 -0.538898 5324.36
0.50255 0.230908 -0.833142 -816.128 0.283284 -0.954452 -0.093653 -101.19 -0.816819 -0.18895 -0.545073 5313.11
0.495344 0.231021 -0.837415 -816.106 0.28107 -0.954759 -0.0971358 -101.151 -0.82197 -0.187256 -0.537867 5312.99
0.497886 0.233989 -0.83508 -818.988 0.280548 -0.954595 -0.100211 -101.518 -0.820611 -0.184386 -0.540924 5311.04
0.502082 0.235147 -0.832238 -820.324 0.279035 -0.954905 -0.101467 -101.663 -0.818568 -0.181279 -0.545055 5310.33
0.49787 0.236044 -0.834511 -871.304 0.27417 -0.955737 -0.106763 -107.722 -0.822774 -0.175644 -0.540548 5278.44
0.499882 0.236577 -0.833156 -871.58 0.276784 -0.955161 -0.105154 -107.783 -0.820675 -0.178039 -0.542949 5278.32
0.506094 0.230869 -0.831004 -889.437 0.274997 -0.956414 -0.0982327 -111.389 -0.817463 -0.178809 -0.547524 5269.78
0.507913 0.230194 -0.830081 -889.685 0.278047 -0.955864 -0.0949436 -111.425 -0.8153 -0.182579 -0.5495 5269.66
0.496932 0.231052 -0.836465 -895.504 0.273278 -0.956526 -0.101865 -111 -0.823637 -0.177968 -0.53847 5263.13
0.492079 0.233721 -0.83859 -904.259 0.271537 -0.956436 -0.107229 -111.326 -0.827119 -0.174943 -0.534106 5256.98
0.482639 0.227074 -0.845871 -1507.88 0.261213 -0.95917 -0.108446 -189.694 -0.835959 -0.168612 -0.522247 4923.56
0.482712 0.229779 -0.845098 -1510.57 0.26367 -0.958325 -0.109959 -189.596 -0.835145 -0.169749 -0.523181 4921.64
0.492479 0.232377 -0.838728 -1533.47 0.264137 -0.958149 -0.110369 -192.819 -0.829274 -0.167184 -0.533248 4909.83
0.493564 0.231852 -0.838236 -1534.64 0.265482 -0.957974 -0.108652 -193.022 -0.828199 -0.16891 -0.534374 4909.18
0.495598 0.232946 -0.836731 -1544.12 0.264556 -0.958073 -0.11003 -194.516 -0.82728 -0.166832 -0.536446 4905.08
0.488945 0.235912 -0.839809 -1545.02 0.267964 -0.956807 -0.112766 -194.522 -0.830137 -0.169902 -0.531042 4904.11
0.503137 0.226177 -0.834085 -1630.51 0.263627 -0.959311 -0.101109 -211.623 -0.823015 -0.169016 -0.542292 4865.5
0.501733 0.227217 -0.834648 -1634.66 0.265848 -0.958691 -0.101176 -212.661 -0.823158 -0.171126 -0.541412 4863.41
0.506548 0.227142 -0.831755 -1647.36 0.266034 -0.958782 -0.0998132 -215.107 -0.820143 -0.170715 -0.546097 4861
0.514145 0.228844 -0.826611 -2622.92 0.263498 -0.959286 -0.101681 -372.458 -0.816225 -0.165532 -0.553512 4342.02
0.5166 0.23185 -0.824239 -2624.72 0.274192 -0.956743 -0.09727 -372.935 -0.811137 -0.17575 -0.557825 4341.22
0.516989 0.239114 -0.821917 -2722.97 0.2818 -0.954211 -0.100348 -392.107 -0.808277 -0.179737 -0.560699 4270.58
0.516961 0.240808 -0.82144 -2724.06 0.289271 -0.952307 -0.0971242 -392.211 -0.805651 -0.18741 -0.561964 4269.63
0.508469 0.237398 -0.827709 -2768.14 0.292361 -0.951739 -0.0933719 -400.035 -0.809929 -0.194513 -0.553335 4229.83
0.506612 0.238487 -0.828534 -2767.93 0.294764 -0.950985 -0.0934982 -399.946 -0.810221 -0.196854 -0.552077 4230.04
0.506491 0.237976 -0.828754 -2774.68 0.288339 -0.952571 -0.0973123 -399.833 -0.812605 -0.189674 -0.551087 4226.15
0.506932 0.234597 -0.829448 -2777.2 0.283743 -0.95404 -0.0964218 -400.395 -0.813947 -0.18647 -0.550199 4225.15
0.49841 0.2306 -0.83571 -2778.85 0.280516 -0.955014 -0.0962224 -400.656 -0.820304 -0.186472 -0.540675 4224.07
0.504715 0.241423 -0.828841 -3113.81 0.292212 -0.951203 -0.0991246 -442.849 -0.812327 -0.192168 -0.550633 4045.43
0.502702 0.244615 -0.829128 -3140.92 0.292722 -0.950635 -0.102985 -445.024 -0.81339 -0.190933 -0.549491 4020.38
0.499111 0.245184 -0.831128 -3141.56 0.291451 -0.950756 -0.105452 -445.052 -0.816054 -0.189601 -0.545992 4020.26
0.500496 0.245013 -0.830344 -3143.86 0.292245 -0.950633 -0.104354 -445.325 -0.814921 -0.190435 -0.547392 4019.31
0.497725 0.241528 -0.833027 -3186.7 0.295652 -0.950168 -0.0988433 -455.294 -0.815389 -0.19709 -0.544331 3988.94
0.498194 0.244142 -0.831984 -3185.83 0.299256 -0.948994 -0.0992825 -455.192 -0.813786 -0.199514 -0.545844 3989.89
0.496826 0.243512 -0.832986 -3189.77 0.299193 -0.949044 -0.0989897 -455.591 -0.814645 -0.200043 -0.544367 3987.91
0.500843 0.245169 -0.830089 -3191.55 0.300866 -0.948553 -0.0986265 -455.815 -0.811564 -0.20035 -0.548839 3987.36
0.498696 0.249154 -0.830195 -3192.86 0.306711 -0.946553 -0.0998334 -455.822 -0.810697 -0.204843 -0.54846 3986.51
0.498559 0.24756 -0.830755 -3193.46 0.312485 -0.945246 -0.0941461 -455.931 -0.808574 -0.212661 -0.54862 3986.12
0.489871 0.23996 -0.838121 -3260.4 0.307595 -0.947119 -0.091381 -468.446 -0.815728 -0.213037 -0.537777 3937.14
0.491414 0.242868 -0.836378 -3284.28 0.310319 -0.94613 -0.0924097 -469.891 -0.813766 -0.214133 -0.540308 3925.64
0.502643 0.246172 -0.828704 -3293.09 0.318761 -0.943831 -0.0870301 -472.068 -0.803581 -0.220413 -0.55288 3925.42
0.49986 0.250314 -0.829146 -3295.23 0.326478 -0.941164 -0.0873097 -470.256 -0.802217 -0.227056 -0.552172 3919.35
0.755908 0.189114 -0.626769 -7385.62 0.260074 -0.965329 0.0223914 -775.144 -0.600804 -0.179932 -0.778883 446.056
0.761164 0.213183 -0.612521 -7385.96 0.287311 -0.957542 0.0237695 -775.117 -0.581448 -0.194077 -0.790097 445.917
0.771195 0.249415 -0.585706 -7517.72 0.328834 -0.943878 0.031036 -770.09 -0.545094 -0.216535 -0.809929 258.405
0.774984 0.257425 -0.577177 -7517.89 0.338284 -0.940401 0.0347944 -770.097 -0.53382 -0.222215 -0.815878 258.253
0.772647 0.270046 -0.574536 -7527.42 0.351981 -0.935401 0.0336891 -770.821 -0.528324 -0.228255 -0.817786 243.631
0.775889 0.274279 -0.568126 -7527.48 0.357473 -0.933163 0.0376895 -770.814 -0.519817 -0.232333 -0.822078 243.555
0.777049 0.283673 -0.561893 -7527.63 0.366104 -0.929843 0.0368579 -770.805 -0.512017 -0.234352 -0.826388 243.417
0.781458 0.289473 -0.552746 -7532.52 0.373178 -0.926798 0.0422251 -771.225 -0.500061 -0.23927 -0.832279 238.696
0.780942 0.289418 -0.553503 -7532.42 0.376248 -0.925325 0.0470135 -771.075 -0.498564 -0.24497 -0.831519 237.462
0.782039 0.288471 -0.552448 -7532.9 0.378322 -0.924156 0.0529824 -771.055 -0.495265 -0.250438 -0.831862 236.043
0.783996 0.294912 -0.546239 -7532.92 0.384906 -0.921314 0.0550284 -770.955 -0.487029 -0.253393 -0.83582 236.411
0.792833 0.296656 -0.532362 -7582.54 0.384261 -0.921347 0.0588545 -762.857 -0.473031 -0.251228 -0.844468 127.276
0.793797 0.300888 -0.528539 -7582.6 0.388202 -0.919653 0.0594865 -762.82 -0.468174 -0.2524 -0.846822 127.115
0.797946 0.308162 -0.517995 -7599.37 0.395859 -0.916018 0.0648513 -759.25 -0.454508 -0.256801 -0.852922 83.3471
0.800938 0.311085 -0.51159 -7600.55 0.399193 -0.914265 0.0690283 -758.195 -0.446255 -0.25951 -0.856453 78.7907
0.801883 0.315169 -0.507595 -7600.44 0.402807 -0.912628 0.0696859 -758.189 -0.441282 -0.260343 -0.858773 78.9458
0.806618 0.314474 -0.500473 -7600.53 0.40115 -0.913116 0.0727794 -758.195 -0.434103 -0.25947 -0.862687 78.8205
0.812081 0.312177 -0.493022 -7600.53 0.398802 -0.913684 0.07835 -758.187 -0.426007 -0.260245 -0.866482 78.7822
0.818074 0.308555 -0.485334 -7600.55 0.395609 -0.914433 0.085475 -758.152 -0.417432 -0.261927 -0.870141 78.6702
0.82576 0.305264 -0.474273 -7601.04 0.392248 -0.915046 0.0939806 -758.196 -0.405293 -0.263638 -0.875347 78.0766
0.833329 0.303664 -0.461898 -7606.58 0.389141 -0.91573 0.10004 -755.389 -0.392596 -0.26311 -0.881273 66.5106
0.840518 0.303578 -0.448744 -7606.61 0.387512 -0.91571 0.106344 -755.404 -0.378636 -0.263278 -0.88731 66.4672
0.848184 0.301999 -0.435179 -7607.26 0.384163 -0.916343 0.112842 -755.42 -0.364695 -0.262891 -0.893245 65.7866
0.856471 0.301998 -0.418634 -7607.59 0.381759 -0.91645 0.119912 -755.381 -0.347444 -0.262518 -0.900204 65.3684
0.865045 0.300489 -0.40175 -7608.26 0.377895 -0.916982 0.127824 -755.385 -0.329988 -0.262393 -0.906784 64.2663
0.872113 0.303523 -0.383789 -7607.77 0.378177 -0.915826 0.135073 -755.374 -0.310486 -0.262939 -0.913489 65.0919
0.883849 0.303714 -0.355765 -7619.41 0.374922 -0.914755 0.150524 -755.751 -0.279722 -0.266425 -0.922374 48.9048
0.890098 0.306452 -0.337361 -7631.18 0.373609 -0.914548 0.154979 -741.657 -0.26104 -0.263988 -0.92853 0.762072
0.898223 0.307983 -0.313596 -7631.19 0.370835 -0.91401 0.164521 -741.652 -0.23596 -0.264069 -0.935195 0.725421
0.905632 0.310154 -0.289197 -7631.29 0.368249 -0.913371 0.173627 -741.664 -0.210293 -0.263739 -0.941392 0.623
0.912279 0.313968 -0.263002 -7631.56 0.366843 -0.911943 0.183809 -741.478 -0.182133 -0.264166 -0.947124 -0.392092
0.920583 0.313773 -0.232535 -7632.23 0.360295 -0.912094 0.195634 -741.632 -0.150709 -0.263879 -0.952709 -0.918513
0.928392 0.311454 -0.202694 -7632.46 0.351439 -0.913133 0.20659 -741.184 -0.120743 -0.263031 -0.957202 -2.28246
0.935397 0.310745 -0.168731 -7631.84 0.342991 -0.913377 0.219318 -741.176 -0.0859627 -0.263023 -0.960952 -1.4728
0.93918 0.308693 -0.150502 -7649.72 0.336462 -0.914881 0.223128 -716.027 -0.0688139 -0.260195 -0.963101 -91.1193
0.945173 0.308388 -0.107442 -7650.5 0.32573 -0.913833 0.242508 -716.057 -0.0233972 -0.26421 -0.964181 -92.4453
0.948491 0.309887 -0.0658496 -7650.52 0.316167 -0.912708 0.258849 -715.979 0.0201123 -0.266335 -0.963671 -92.6557
0.950106 0.311195 -0.0213504 -7651.25 0.304975 -0.912383 0.273035 -714.645 0.0654876 -0.265924 -0.961767 -96.7108
0.924513 0.243122 0.293544 -7479.08 0.15226 -0.941606 0.300326 33.3903 0.349419 -0.23296 -0.907544 -2699.89
0.909871 0.262331 0.321429 -7403.97 0.161137 -0.937352 0.308879 74.9074 0.382321 -0.229246 -0.895141 -2796.19
0.892992 0.267487 0.36196 -7403.94 0.152102 -0.936269 0.316648 74.9131 0.423592 -0.22771 -0.876766 -2796.2
0.872371 0.269241 0.408016 -7403.92 0.137233 -0.935976 0.324215 74.9428 0.469185 -0.226842 -0.853468 -2796.29
0.848319 0.269047 0.456036 -7403.91 0.120266 -0.936678 0.328892 74.9696 0.515647 -0.22416 -0.826959 -2796.36
0.818318 0.270426 0.507175 -7402.45 0.103735 -0.9374 0.332447 76.7754 0.565328 -0.219435 -0.795143 -2802.09
0.794249 0.263485 0.547489 -7376.25 0.0814941 -0.939135 0.333744 92.3626 0.602102 -0.220459 -0.767379 -2834.68
0.765205 0.273733 0.582693 -7375.32 0.0770743 -0.937545 0.339217 93.1536 0.639156 -0.21466 -0.738512 -2835.83
0.72936 0.274806 0.626511 -7373.97 0.0607538 -0.938176 0.340785 94.0021 0.681427 -0.210492 -0.700964 -2837
0.695063 0.2756 0.664027 -7372.11 0.0479691 -0.939328 0.33965 95.2565 0.717347 -0.204226 -0.666112 -2839.09
0.276717 0.503098 0.81873 -6172.48 0.0852578 -0.861493 0.50056 782.778 0.957162 -0.0687104 -0.281283 -3632.94
0.230503 0.498675 0.835579 -6172.9 0.058309 -0.864237 0.499693 782.417 0.971323 -0.066459 -0.228287 -3632.84
0.183421 0.494417 0.849652 -6171.29 0.0188902 -0.865928 0.499811 783.706 0.982853 -0.0756259 -0.168169 -3633.49
0.132695 0.485737 0.863975 -6162.43 -0.0239828 -0.869854 0.492726 789.531 0.990867 -0.0861028 -0.103776 -3636.67
0.0784869 0.484885 0.871049 -6162.41 -0.0502583 -0.870709 0.489224 789.548 0.995647 -0.0821751 -0.0439698 -3636.7
0.0496388 0.485159 0.873016 -6161.05 -0.0709209 -0.870175 0.487613 790.471 0.996246 -0.0861197 -0.00878668 -3637.11
0.00556165 0.487241 0.87325 -6155.26 -0.0993192 -0.868676 0.485322 793.426 0.99504 -0.0894296 0.0435613 -3638.75
-0.0166503 0.486056 0.873769 -6155.62 -0.120038 -0.868541 0.480861 793.227 0.99263 -0.0968787 0.0728067 -3638.51
-0.0400985 0.48309 0.874652 -6153.31 -0.13723 -0.869723 0.474077 794.645 0.989727 -0.101019 0.101169 -3638.41
-0.0662511 0.48844 0.870079 -6150.05 -0.162813 -0.8656 0.473528 796.392 0.98443 -0.110289 0.136871 -3639.53
-0.126307 0.494644 0.859869 -5831.5 -0.189607 -0.862868 0.468518 967.253 0.973702 -0.10386 0.202774 -3637.09
-0.13313 0.495277 0.858473 -5830.68 -0.196969 -0.862127 0.46684 967.693 0.971329 -0.106942 0.212329 -3636.66
-0.141672 0.49597 0.856704 -5830.79 -0.20296 -0.861601 0.465242 967.636 0.968884 -0.107965 0.222727 -3636.72
-0.144223 0.499977 0.853945 -5810.89 -0.21167 -0.858581 0.466943 979.159 0.966642 -0.11341 0.229657 -3628.67
-0.148568 0.500727 0.85276 -5809.58 -0.2179 -0.857712 0.465672 979.937 0.964597 -0.116632 0.236537 -3628.45
-0.15056 0.500461 0.852567 -5798.53 -0.217922 -0.857985 0.465157 985.32 0.964283 -0.115759 0.23824 -3624.07
-0.1516 0.497234 0.854269 -5799.47 -0.217815 -0.859819 0.46181 984.98 0.964144 -0.116063 0.238653 -3624.09
-0.154366 0.492068 0.856761 -5798.27 -0.217923 -0.862756 0.456247 985.424 0.963681 -0.116279 0.240413 -3623.7
-0.156159 0.487882 0.858828 -5797.51 -0.219798 -0.864858 0.451342 985.819 0.962966 -0.118288 0.242291 -3623.51
-0.15529 0.487047 0.859459 -5778.12 -0.223672 -0.864754 0.449634 996.101 0.962214 -0.122413 0.243227 -3619.56
-0.154853 0.488778 0.858555 -5778.02 -0.225802 -0.863545 0.450892 996.161 0.961787 -0.124041 0.244089 -3619.54
-0.155739 0.494329 0.85521 -5776.08 -0.226835 -0.860534 0.456099 997.325 0.9614 -0.12296 0.24615 -3619.36
-0.156205 0.500725 0.851396 -5773.19 -0.231855 -0.85648 0.461177 999.054 0.960127 -0.125362 0.249882 -3619.07
-0.175985 0.502095 0.846717 -5550.33 -0.249178 -0.85485 0.455128 1132.11 0.952334 -0.130888 0.275551 -3587.13
-0.176273 0.497992 0.849077 -5549.75 -0.246571 -0.857422 0.451696 1132.48 0.952959 -0.129736 0.273931 -3586.98
-0.177497 0.492614 0.851954 -5548.04 -0.245406 -0.860508 0.446432 1133.28 0.953032 -0.129834 0.273628 -3586.51
-0.171696 0.490484 0.854368 -5542.27 -0.238656 -0.862123 0.446975 1136.53 0.955805 -0.127157 0.265081 -3583.2
-0.164078 0.500218 0.850212 -5532.62 -0.251524 -0.854619 0.454271 1140.89 0.953842 -0.139313 0.266041 -3580.4
-0.140064 0.508381 0.849665 -3767.74 -0.241514 -0.849747 0.468617 2177.82 0.960236 -0.139569 0.2418 -3134.43
-0.144967 0.508101 0.84901 -3767.11 -0.234879 -0.851218 0.469317 2178.16 0.961154 -0.13138 0.242741 -3134.21
-0.151469 0.504433 0.850061 -3766.41 -0.23111 -0.85422 0.465721 2178.53 0.961065 -0.125916 0.245967 -3133.85
-0.177324 0.506864 0.84359 -3473.21 -0.226037 -0.855235 0.466348 2363.45 0.957843 -0.107988 0.266223 -3087.95
-0.172187 0.507216 0.844443 -3471.82 -0.224181 -0.854929 0.467803 2364.19 0.959216 -0.108758 0.260916 -3086.8
0.118647 -0.570569 0.812634 -3430.01 0.196118 0.815759 0.544128 2389.78 -0.973376 0.0948136 0.208686 -3075.64
0.127136 -0.570199 0.81161 -3429.25 0.198091 0.816362 0.542507 2390.21 -0.971903 0.0918005 0.216741 -3075.45
0.131393 -0.568935 0.811818 -3429.11 0.195791 0.81768 0.541355 2390.3 -0.971803 0.0878165 0.218829 -3075.4
0.138068 -0.569374 0.810401 -3424.56 0.208236 0.816636 0.538278 2393.91 -0.968285 0.0944363 0.231315 -3074.71
0.142731 -0.571512 0.808085 -3424.55 0.218032 0.814543 0.53757 2393.77 -0.965448 0.0994605 0.240868 -3075.06
0.14213 -0.570597 0.808837 -3424.28 0.219583 0.814948 0.536323 2393.95 -0.965185 0.10138 0.241122 -3074.97
0.138027 -0.571415 0.808971 -3423.92 0.218442 0.814239 0.537865 2394.16 -0.966039 0.102473 0.237208 -3074.76
0.131349 -0.575478 0.807201 -3281.19 0.223909 0.810435 0.541349 2487.73 -0.965719 0.109634 0.235304 -3006.1
0.133569 -0.573853 0.807993 -3279.82 0.224871 0.811582 0.539228 2488.91 -0.96519 0.10967 0.237445 -3005.89
0.130247 -0.572719 0.809338 -3277.73 0.220772 0.812551 0.539464 2490.31 -0.96659 0.108416 0.232272 -3004.43
0.124922 -0.57022 0.811938 -3276.13 0.211634 0.814829 0.539689 2491.35 -0.969333 0.104415 0.222468 -3002.98
0.126097 -0.569697 0.812124 -3274.94 0.213986 0.815006 0.538494 2492.22 -0.968664 0.105881 0.224677 -3002.63
0.128513 -0.566423 0.814032 -3274.36 0.20976 0.817793 0.535925 2492.67 -0.96927 0.101878 0.22391 -3002.23
0.128804 -0.564835 0.815089 -3273.99 0.205229 0.819325 0.535339 2492.9 -0.970201 0.098326 0.221453 -3002.01
0.126975 -0.565016 0.815251 -3270.64 0.200559 0.819552 0.536759 2494.93 -0.971418 0.0953513 0.217382 -3000.49
0.110982 -0.56156 0.81996 -3267.18 0.189068 0.821919 0.537311 2496.85 -0.975672 0.0953963 0.197391 -2997.11
0.0800551 -0.562354 0.823012 -3172.03 0.169118 0.821355 0.544771 2550.62 -0.982339 0.0955747 0.160858 -2927.22
0.0689629 -0.558186 0.826845 -3152.2 0.161954 0.824088 0.542817 2564.24 -0.984386 0.0964766 0.147232 -2911.95
0.0765253 -0.555004 0.828321 -3150.36 0.156169 0.827175 0.539808 2565.37 -0.984761 0.0880491 0.149974 -2911.41
0.102557 -0.551912 0.827572 -3118.21 0.171191 0.829338 0.531875 2590.22 -0.979885 0.0871256 0.179537 -2919.2
0.0794865 -0.548325 0.832479 -3091.79 0.156768 0.831606 0.532781 2607.93 -0.984432 0.0881572 0.152061 -2897.12
-0.18724 0.476589 0.858955 -2390.67 -0.229462 -0.871449 0.433502 3012.17 0.955138 -0.115929 0.272529 -2733.2
-0.188053 0.477015 0.858541 -2391.11 -0.221101 -0.87226 0.436208 3011.94 0.956949 -0.107794 0.2695 -2733.11
-0.179793 0.478435 0.85952 -2390.96 -0.222933 -0.870842 0.438105 3012.01 0.95811 -0.112847 0.26323 -2733.02
-0.182843 0.480785 0.857563 -2376.78 -0.225022 -0.869578 0.439544 3018.82 0.957044 -0.112603 0.267184 -2731.64
-0.181376 0.483607 0.856286 -2375.4 -0.21905 -0.868721 0.444231 3019.56 0.958707 -0.106997 0.263499 -2731.54
-0.178936 0.491797 0.852126 -2369.91 -0.217573 -0.86444 0.453216 3022.43 0.959502 -0.104303 0.261681 -2730.58
-0.177638 0.495197 0.850426 -2364.31 -0.213863 -0.862943 0.457813 3025.58 0.960577 -0.10055 0.259195 -2729.87
-0.174059 0.496861 0.850196 -2360.01 -0.208245 -0.862421 0.461372 3027.91 0.962464 -0.0967436 0.253581 -2727.93
-0.178512 0.495646 0.849981 -2360.54 -0.202999 -0.863824 0.461085 3027.69 0.962769 -0.0902357 0.254818 -2729.37
-0.182268 0.501016 0.846027 -2314.06 -0.206896 -0.860719 0.465142 3051.41 0.961235 -0.0902587 0.26054 -2720.15
0.329237 -0.584225 0.741812 -1772.54 0.298681 0.809709 0.505135 3378.4 -0.895764 0.0552555 0.441083 -2495.63
0.334394 -0.5921 0.733211 -1762.25 0.299906 0.804409 0.512818 3385.64 -0.893441 0.0484112 0.446564 -2489.27
0.337589 -0.596236 0.728379 -1761.85 0.29988 0.801612 0.517194 3385.95 -0.892247 0.0438269 0.449415 -2488.74
0.335362 -0.597834 0.728098 -1761.36 0.296621 0.800553 0.520703 3386.27 -0.894175 0.0413448 0.445805 -2488.24
0.334659 -0.596295 0.729681 -1760.94 0.298163 0.801552 0.518279 3386.62 -0.893925 0.0441175 0.44604 -2487.67
0.33447 -0.626486 0.704021 -1656.68 0.355839 0.7757 0.521218 3460.49 -0.872645 0.0761865 0.482376 -2384.4
0.348428 -0.63599 0.68856 -1653.89 0.377063 0.767636 0.518226 3463.09 -0.85815 0.0790658 0.507274 -2384.72
0.34589 -0.635015 0.690736 -1653.77 0.375783 0.768311 0.518156 3463.18 -0.859737 0.0803417 0.504379 -2384.59
0.355312 -0.633127 0.687679 -1651.47 0.375109 0.770426 0.515497 3464.73 -0.856181 0.0747922 0.511234 -2381.37
0.359802 -0.637541 0.681237 -1650.24 0.383025 0.766703 0.515226 3465.54 -0.850785 0.0755514 0.520055 -2380.01
0.360551 -0.639747 0.678769 -1650.27 0.378117 0.765487 0.520631 3465.51 -0.852661 0.0689403 0.517897 -2380.03
0.371703 -0.646946 0.665806 -1631.35 0.377071 0.760579 0.528524 3480.26 -0.848324 0.0546026 0.526654 -2353.15
0.379952 -0.647779 0.660317 -1629.75 0.380485 0.760112 0.526745 3481.72 -0.843129 0.0511025 0.535277 -2352.45
0.39262 -0.647079 0.653558 -1627.29 0.387907 0.76083 0.520256 3483.73 -0.833893 0.049257 0.549724 -2351.29
0.410937 -0.643207 0.646077 -1623.37 0.399504 0.764062 0.506564 3487.25 -0.819468 0.0499441 0.570945 -2349.32
0.415458 -0.641883 0.6445 -1622.58 0.400121 0.765274 0.504241 3487.49 -0.816883 0.0483866 0.57477 -2348.97
0.429293 -0.64556 0.631633 -1619.37 0.411804 0.762336 0.499261 3489.52 -0.803819 0.0457799 0.59311 -2347.31
0.426825 -0.64178 0.637133 -1618.67 0.408515 0.765384 0.497296 3490.04 -0.806806 0.0480201 0.588862 -2346.34
0.426223 -0.644033 0.63526 -1617.91 0.40802 0.763619 0.500406 3490.42 -0.807375 0.0459146 0.58825 -2345.59
0.427362 -0.64145 0.637106 -1617.3 0.403054 0.765973 0.500832 3490.89 -0.809265 0.0427507 0.585887 -2345.16
0.441345 -0.638109 0.630898 -1549.81 0.389348 0.769623 0.506051 3545.99 -0.808469 0.0222957 0.588116 -2220.24
0.434732 -0.6385 0.635079 -1549.9 0.381573 0.769372 0.512318 3545.94 -0.815727 0.0196084 0.578105 -2220.54
0.433329 -0.64418 0.630284 -1551.07 0.390384 0.764505 0.512965 3544.88 -0.812297 0.0237702 0.58276 -2221.6
0.42811 -0.640871 0.637186 -1550.88 0.379188 0.767381 0.517052 3545.12 -0.820328 0.0202581 0.571534 -2221.45
0.427425 -0.634834 0.643657 -1549.85 0.367589 0.772498 0.517808 3545.89 -0.825946 0.0152774 0.563543 -2220.13
0.427653 -0.62719 0.650957 -1549.94 0.354106 0.778813 0.517745 3545.82 -0.831698 0.00909218 0.555154 -2220.39
0.414928 -0.633857 0.652733 -1542.73 0.373773 0.772822 0.512873 3551.95 -0.829535 0.0311686 0.557584 -2209.97
0.255991 -0.727699 0.636335 -1212.71 0.521924 0.658123 0.542651 3795.59 -0.813673 0.193205 0.548277 -1872.51
0.269229 -0.730933 0.627098 -1204.68 0.530179 0.656079 0.537094 3802.03 -0.804006 0.187873 0.564161 -1869.92
0.277636 -0.732439 0.621652 -1201.19 0.532197 0.655987 0.535208 3804.77 -0.799803 0.182248 0.571928 -1867.12
0.286496 -0.73426 0.615452 -1197.39 0.533305 0.65588 0.534235 3807.52 -0.795931 0.175168 0.579492 -1865.89
0.289671 -0.733924 0.614367 -1195.61 0.538842 0.65555 0.52906 3809.33 -0.791038 0.177793 0.585362 -1865.11
0.286471 -0.731694 0.618513 -1194.73 0.535632 0.657569 0.529812 3810.08 -0.794375 0.17952 0.580293 -1863.95
0.281274 -0.73092 0.621805 -1194.25 0.531993 0.658048 0.532876 3810.31 -0.798667 0.180912 0.573936 -1863.4
0.27932 -0.730022 0.623738 -1193.67 0.531152 0.658628 0.532998 3810.85 -0.799911 0.182422 0.57172 -1863.2
0.278633 -0.726717 0.62789 -1193.49 0.525671 0.662554 0.533565 3810.94 -0.803762 0.181395 0.566624 -1862.9
0.285796 -0.734099 0.61597 -1184.01 0.544644 0.653302 0.525889 3818.25 -0.788469 0.185187 0.586534 -1856.27
0.274868 -0.736448 0.618135 -1183.44 0.542273 0.649632 0.53284 3818.53 -0.79397 0.188737 0.577919 -1855.3
0.270628 -0.736879 0.619492 -1182.49 0.54246 0.648342 0.534219 3819.49 -0.795297 0.191474 0.575187 -1854.36
0.26672 -0.737645 0.620275 -1182.65 0.542348 0.646892 0.536087 3819.33 -0.796693 0.19342 0.572599 -1854.7
0.270516 -0.735722 0.620914 -1182.46 0.539682 0.649982 0.535039 3819.52 -0.797223 0.19036 0.572886 -1854.58
0.254349 -0.738497 0.624443 -1142.18 0.539257 0.644283 0.542311 3845.02 -0.802813 0.198799 0.562112 -1792.06
0.26537 -0.739997 0.618048 -1141.89 0.547255 0.643368 0.53534 3845.25 -0.793782 0.196167 0.575698 -1792.12
0.266409 -0.738757 0.619083 -1141.74 0.543823 0.645505 0.536265 3845.34 -0.795791 0.193805 0.573722 -1791.92
0.268725 -0.738964 0.617834 -1141.5 0.542656 0.646094 0.536737 3845.52 -0.795808 0.191036 0.574625 -1791.63
0.284498 -0.736159 0.614109 -1138.74 0.552767 0.649339 0.52231 3849.17 -0.783268 0.190863 0.59166 -1790.79
0.276446 -0.735827 0.618172 -1140.69 0.540155 0.650989 0.533334 3846.2 -0.794865 0.18647 0.577424 -1790.51
0.274288 -0.734669 0.620505 -1127.93 0.543607 0.65072 0.530146 3854.1 -0.793257 0.191898 0.577856 -1766.66
0.280476 -0.730364 0.622817 -1127.38 0.541747 0.656088 0.525413 3854.88 -0.792365 0.190043 0.57969 -1766.05
0.266059 -0.764212 0.587531 -624.123 0.584021 0.612693 0.532472 4199.37 -0.766898 0.201462 0.609328 -1220.68
0.270635 -0.762777 0.587306 -624.127 0.583821 0.615126 0.52988 4199.39 -0.765448 0.199477 0.6118 -1220.81
0.269781 -0.761015 0.589979 -622.349 0.578161 0.61798 0.532757 4200.38 -0.770031 0.197375 0.606709 -1216.84
0.27852 -0.759444 0.587938 -621.912 0.581951 0.620432 0.525734 4200.75 -0.764041 0.195724 0.614762 -1216.45
0.284368 -0.759337 0.585271 -621.723 0.588679 0.620134 0.518546 4200.95 -0.756698 0.197079 0.623352 -1216.15
0.281455 -0.763674 0.581021 -621.695 0.590334 0.615158 0.522576 4200.95 -0.756497 0.195915 0.623963 -1216.02
0.286774 -0.766973 0.574032 -619.91 0.594549 0.612329 0.521118 4202.06 -0.75118 0.191847 0.631604 -1213.79
0.293555 -0.775893 0.558405 -597.893 0.614304 0.600675 0.511684 4218.53 -0.732432 0.192823 0.652965 -1186.69
0.297518 -0.775823 0.556401 -597.297 0.615603 0.60135 0.509324 4219.18 -0.729737 0.190989 0.656511 -1186.07
0.296892 -0.776842 0.555313 -597.132 0.619784 0.599163 0.506824 4219.37 -0.726445 0.193702 0.659361 -1186.11
0.297884 -0.779267 0.551369 -596.119 0.627681 0.595065 0.50191 4220.34 -0.719222 0.196573 0.666392 -1184.91
0.307713 -0.783928 0.53923 -590.695 0.640257 0.589824 0.492117 4224.59 -0.703835 0.193814 0.683412 -1179.81
0.300634 -0.787075 0.538639 -589.554 0.641188 0.584884 0.496778 4225 -0.706043 0.19602 0.680499 -1176.84
0.383665 -0.8093 0.444786 -577.244 0.710217 0.566436 0.418023 4234.88 -0.590248 0.155514 0.7921 -1179.32
0.323607 -0.759683 0.564057 -586.734 0.622887 0.619779 0.477374 4228.6 -0.712244 0.196862 0.673761 -1172.77
0.272004 -0.846656 0.457371 -68.3995 0.743491 0.486648 0.458688 4612.96 -0.610929 0.215286 0.761851 -394.314
0.270017 -0.848199 0.455686 -68.5031 0.748494 0.482612 0.454798 4612.94 -0.605679 0.218275 0.765185 -394.452
0.238115 -0.873095 0.425449 -7.7021 0.787061 0.430124 0.442186 4664.86 -0.569066 0.229563 0.789598 -271.495
0.246495 -0.869123 0.428796 -7.73697 0.782743 0.439425 0.440702 4664.89 -0.571448 0.227006 0.788616 -271.562
0.249103 -0.867886 0.429792 -7.36468 0.78241 0.441885 0.43883 4665.03 -0.570773 0.226959 0.789118 -270.714
0.250154 -0.868226 0.428493 -4.48554 0.787889 0.439763 0.431091 4666.97 -0.56272 0.229766 0.794074 -264.298
0.259303 -0.86533 0.428912 -4.112 0.785293 0.447428 0.427929 4667.32 -0.562207 0.225858 0.795557 -263.645
0.265205 -0.86556 0.42482 -3.68467 0.78951 0.447862 0.419635 4667.79 -0.55348 0.22411 0.802144 -263.222
0.273729 -0.866607 0.41721 1.97812 0.79208 0.44918 0.413335 4670.02 -0.545602 0.217322 0.809376 -249.995
0.276947 -0.866494 0.415317 2.06609 0.788352 0.452013 0.417355 4670.13 -0.549364 0.211831 0.808286 -249.972
0.284271 -0.864365 0.414806 2.45556 0.786854 0.457532 0.414157 4670.51 -0.547769 0.208659 0.810192 -249.119
0.293441 -0.861929 0.413486 2.49081 0.783727 0.464577 0.412238 4670.59 -0.547416 0.203093 0.811843 -249.424
0.295888 -0.860841 0.414008 2.75781 0.781914 0.467231 0.412681 4670.8 -0.54869 0.201612 0.811352 -249.075
0.284936 -0.867223 0.408333 4.4016 0.793899 0.452229 0.406464 4671.78 -0.537155 0.208359 0.817344 -244.337
0.291385 -0.868442 0.401128 20.8061 0.796224 0.452594 0.401479 4676.56 -0.530209 0.202403 0.823354 -198.513
0.292643 -0.867371 0.402527 20.8753 0.790107 0.456444 0.409133 4676.63 -0.538601 0.19831 0.818891 -198.516
0.291019 -0.867715 0.402962 21.2453 0.789147 0.455838 0.411654 4677.12 -0.540884 0.198197 0.817412 -197.827
0.29176 -0.867021 0.40392 21.8635 0.786632 0.45774 0.414347 4677.59 -0.544138 0.196846 0.815577 -196.754
0.290348 -0.866523 0.406001 21.8512 0.785686 0.45807 0.415776 4677.64 -0.546256 0.198269 0.813814 -196.826
0.290439 -0.866587 0.405799 22.755 0.787969 0.457204 0.412396 4678.4 -0.542909 0.199981 0.815633 -194.332
0.302181 -0.869108 0.391584 24.8638 0.801576 0.453994 0.389058 4680.28 -0.51591 0.196318 0.833844 -191.344
0.296168 -0.869928 0.394347 25.1952 0.797254 0.452526 0.399508 4680.29 -0.525995 0.196073 0.827577 -190.086
0.298009 -0.868524 0.396052 25.2658 0.79575 0.455199 0.39947 4680.38 -0.527232 0.196112 0.826781 -189.986
0.298144 -0.868969 0.394973 25.3842 0.796697 0.454449 0.398435 4680.49 -0.525722 0.195883 0.827796 -189.756
0.297954 -0.868934 0.395191 25.484 0.798044 0.453907 0.396351 4680.59 -0.523783 0.197286 0.828691 -189.506
0.290063 -0.867106 0.404958 28.8882 0.776598 0.460548 0.429874 4681.11 -0.559249 0.189799 0.80698 -176.627
0.285839 -0.869446 0.402938 28.709 0.782503 0.454492 0.42559 4680.76 -0.55316 0.19365 0.810255 -176.839
0.293763 -0.867289 0.401887 29.7558 0.786774 0.458155 0.413619 4682.53 -0.542854 0.194689 0.816949 -176.629
0.303222 -0.864356 0.40118 30.2044 0.790432 0.463284 0.400731 4683.09 -0.532234 0.195595 0.823693 -176.046
0.313201 -0.860675 0.401426 30.9467 0.793188 0.469522 0.387816 4684.12 -0.522262 0.196942 0.829732 -175.099
0.324227 -0.85828 0.397785 31.4243 0.79958 0.473353 0.369607 4684.77 -0.505518 0.198224 0.839737 -174.644
0.345575 -0.854602 0.387599 81.5729 0.81166 0.479507 0.333588 4740.47 -0.470941 0.199319 0.859352 -90.163
0.361604 -0.85753 0.365903 297.845 0.823877 0.477615 0.30514 4946.43 -0.436427 0.191119 0.879207 362.531
0.369628 -0.858811 0.354708 297.479 0.826601 0.478276 0.29662 4946.59 -0.424389 0.183562 0.886678 360.745
0.368014 -0.863772 0.344185 297.902 0.828079 0.472825 0.3012 4946.44 -0.422908 0.174166 0.889278 362.375
0.376647 -0.862282 0.338538 299.042 0.825976 0.47806 0.298702 4947.27 -0.419406 0.167119 0.892283 366.186
0.382353 -0.861357 0.33447 299.139 0.826727 0.480572 0.292528 4947.51 -0.412707 0.164666 0.895856 366.277
0.385691 -0.860554 0.3327 299.775 0.829043 0.481497 0.284337 4948.2 -0.404882 0.166157 0.899145 368.497
0.388126 -0.862445 0.324879 300.203 0.836909 0.477449 0.267629 4948.71 -0.385928 0.168021 0.907099 369.118
0.395112 -0.859324 0.32473 300.332 0.836847 0.482503 0.258608 4948.76 -0.378911 0.16957 0.909765 369.531
0.397975 -0.858669 0.32296 300.477 0.839313 0.482917 0.249692 4948.91 -0.370365 0.171693 0.912881 369.799
0.400794 -0.861364 0.312114 305.639 0.848933 0.477265 0.227004 4953.73 -0.344494 0.173982 0.922526 391.101
0.404267 -0.863173 0.302491 332.021 0.853567 0.474867 0.2143 4977.43 -0.328621 0.171562 0.928749 465.538
0.407792 -0.86275 0.298946 332.062 0.855829 0.475263 0.20416 4977.52 -0.318217 0.172592 0.932175 465.519
0.409606 -0.86353 0.294174 332.611 0.859083 0.473613 0.194079 4978.18 -0.306918 0.173224 0.935839 467.793
0.410199 -0.864826 0.289505 332.419 0.863403 0.470493 0.182129 4978.04 -0.29372 0.17525 0.939689 466.347
0.396611 -0.872485 0.28543 334.534 0.874748 0.453499 0.170747 4979.9 -0.278417 0.181959 0.943067 476.274
0.401676 -0.872185 0.279195 336.123 0.877371 0.453877 0.15561 4981.8 -0.262441 0.182452 0.947542 479.053
0.397165 -0.87944 0.262385 427.403 0.885841 0.442086 0.140874 5063.34 -0.239887 0.176482 0.954625 727.834
0.403098 -0.878447 0.2566 428.199 0.887101 0.443961 0.126297 5064.37 -0.224865 0.17672 0.95823 729.494
0.400776 -0.880299 0.253874 427.959 0.890387 0.439526 0.118439 5064.12 -0.215846 0.178579 0.959958 728.633
0.400117 -0.88176 0.24981 428.223 0.893426 0.436022 0.10805 5064.43 -0.204197 0.179954 0.962247 729.086
0.395163 -0.885127 0.245756 428.487 0.898972 0.427642 0.0947163 5065.04 -0.188932 0.183499 0.964693 729.467
0.39286 -0.888803 0.235988 429.158 0.904453 0.419833 0.075533 5066.25 -0.166209 0.183766 0.968816 730.956
0.376097 -0.896463 0.23432 429.786 0.911288 0.403621 0.0815063 5064.96 -0.167644 0.182879 0.968737 736.308
0.373117 -0.898062 0.232955 430.795 0.91301 0.400043 0.0798617 5065.62 -0.164913 0.182893 0.969203 743.836
0.367215 -0.903213 0.22217 462.667 0.915552 0.393127 0.0849479 5071.23 -0.164067 0.172214 0.9713 863.168
0.367802 -0.902479 0.224173 462.661 0.915176 0.394037 0.0847828 5071.3 -0.164847 0.173974 0.970854 863.202
0.369797 -0.900339 0.229432 463.777 0.91381 0.397076 0.0853376 5070.33 -0.167935 0.1781 0.969576 874.922
0.356203 -0.905751 0.229641 464.771 0.920003 0.382943 0.0833599 5068.62 -0.163443 0.181577 0.969699 879.508
0.358266 -0.904907 0.229759 465.073 0.918946 0.38525 0.0843838 5068.74 -0.164874 0.180904 0.969582 883.897
0.364184 -0.904372 0.222443 467.124 0.917098 0.389832 0.0834433 5070.51 -0.162179 0.173613 0.971368 888.08
-0.0714786 0.958276 0.276764 507.717 -0.996905 -0.0777434 0.0117151 5086.25 0.0327428 -0.27507 0.960867 1085.63
-0.0519126 0.959967 0.275261 507.676 -0.99774 -0.0616319 0.0267721 5085.5 0.0426652 -0.273249 0.960997 1085.03
-0.0490651 0.961414 0.270694 507.639 -0.998124 -0.0571349 0.0220072 5085.39 0.0366241 -0.269106 0.962414 1084.93
-0.0386702 0.963969 0.26319 508.342 -0.998719 -0.0458914 0.0213428 5086 0.0326519 -0.262027 0.964508 1087.4
-0.0348282 0.966283 0.255117 508.564 -0.998942 -0.0413285 0.0201618 5086.38 0.0300256 -0.254145 0.9667 1088.13
-0.0177951 0.967695 0.251495 508.993 -0.999307 -0.0254408 0.027182 5086.53 0.0327021 -0.250837 0.967477 1089.35
-0.0121447 0.968896 0.247169 511.774 -0.999259 -0.0207889 0.0323932 5088.39 0.036524 -0.246592 0.968431 1097.4
-0.00519765 0.96902 0.246928 512.136 -0.999115 -0.0153389 0.0391639 5088.42 0.0417381 -0.246505 0.968242 1098.61
-0.00379626 0.968591 0.248629 512.709 -0.999372 -0.0124343 0.0331815 5089.48 0.0352308 -0.248347 0.96803 1101.43
0.00246498 0.970098 0.242701 513.231 -0.999021 -0.00833305 0.0434544 5089.4 0.0441775 -0.242571 0.969127 1103.44
0.00821717 0.970862 0.2395 513.282 -0.999511 0.000749936 0.0312529 5090.27 0.0301626 -0.23964 0.970393 1103.29
0.00287055 0.971354 0.237619 514.653 -0.999791 -0.00202185 0.020343 5091.72 0.0202407 -0.237628 0.971145 1108.94
0.0201527 0.969841 0.242902 538.134 -0.999156 0.0108413 0.0396097 5107.51 0.0357818 -0.243496 0.969242 1195.93
0.0176952 0.969556 0.244229 538.173 -0.999532 0.0110542 0.0285357 5107.31 0.0249673 -0.244619 0.969298 1196.02
0.0201888 0.96882 0.24694 538.168 -0.999758 0.0174133 0.0134181 5107.31 0.00869972 -0.247151 0.968938 1196
0.0244234 0.968387 0.248256 538.365 -0.999636 0.0208 0.0172084 5107.07 0.0115007 -0.248585 0.968542 1196.54
0.0146769 0.968433 0.248841 538.847 -0.999892 0.0143387 0.0031715 5108.08 -0.000496678 -0.248861 0.968539 1199.64
0.0141772 0.971254 0.237624 547.169 -0.999827 0.0166324 -0.0083304 5114.59 -0.0120432 -0.237465 0.971321 1224.63
0.00649052 0.971849 0.235517 549.299 -0.999623 0.0125919 -0.0244115 5117.24 -0.0266898 -0.235269 0.971564 1233.02
0.0188138 0.972445 0.23237 550.76 -0.999679 0.0143582 0.0208511 5108.93 0.0169401 -0.232688 0.972404 1237.98
0.00616206 0.973007 0.230692 553.978 -0.999951 0.00778865 -0.00614089 5111.85 -0.00777189 -0.230642 0.973008 1249.91
-0.00512455 0.974298 0.225206 555.943 -0.999394 0.0027649 -0.0347027 5115.77 -0.0344335 -0.225248 0.973693 1253.88
-0.0143091 0.974945 0.221985 561.811 -0.996177 0.00523515 -0.087206 5124.21 -0.0861832 -0.222384 0.971143 1276.54
-0.00262295 -0.996523 0.0832758 604.358 0.997467 -0.00852688 -0.0706198 5102 0.0710844 0.0828796 0.994021 1537.7
-0.00745408 -0.996514 0.0830861 604.382 0.998447 -0.0120037 -0.054394 5101.84 0.0552018 0.0825516 0.995057 1538.69
-0.0085246 -0.99602 0.088726 604.48 0.998802 -0.0127568 -0.047243 5101.55 0.0481868 0.088217 0.994935 1539.77
-0.00170963 -0.995271 0.0971255 604.602 0.998806 -0.00644224 -0.048434 5101.51 0.0488307 0.0969267 0.994093 1540.93
-0.00173225 -0.994804 0.101793 604.656 0.999012 -0.00624243 -0.0440056 5101.45 0.0444123 0.101616 0.993832 1541.17
-0.00258887 -0.995355 0.0962417 606.7 0.999518 -0.00555263 -0.0305399 5097.69 0.0309324 0.0961162 0.994889 1562
0.00055711 -0.99578 0.0917647 606.75 0.99962 -0.00197405 -0.02749 5098.02 0.0275552 0.0917452 0.995401 1563.01
0.000306125 -0.995884 0.0906339 607.772 0.9999 0.0015855 0.0140442 5090.46 -0.0141301 0.0906205 0.995785 1579.85
0.00674833 -0.996657 0.0814177 609.567 0.999879 0.00558135 -0.0145523 5097.56 0.0140493 0.081506 0.996574 1579.79
0.00609166 -0.996959 0.0776892 610.577 0.999656 0.00408909 -0.0259099 5099.33 0.0255134 0.0778203 0.996641 1585.52
0.00593351 -0.996596 0.0822213 611.16 0.99998 0.00608344 0.00157309 5095.81 -0.00206792 0.0822104 0.996613 1592.61
0.00409787 -0.996552 0.082869 611.955 0.999808 0.00566897 0.0187324 5094.2 -0.0191376 0.0827763 0.996384 1598.85
0.00482885 -0.996187 0.087106 612.543 0.999713 0.00685378 0.0229626 5094.29 -0.0234721 0.0869701 0.995934 1605.23
-0.050305 0.997898 -0.0408496 620.313 -0.870845 -0.0638518 -0.487393 5044.41 -0.488977 0.0110553 0.872227 1826.08
-0.0565644 0.997521 -0.0418548 620.297 -0.855676 -0.0700355 -0.512751 5043.95 -0.514411 0.00681072 0.857516 1827.41
-0.0614147 0.997113 -0.0446596 620.009 -0.846803 -0.0757376 -0.526487 5040.62 -0.528349 0.00548378 0.84901 1835.2
-0.0639084 0.996904 -0.045812 619.977 -0.837889 -0.0785372 -0.54016 5040.22 -0.542086 0.00386456 0.840314 1835.24
-0.0580025 0.99728 -0.0454831 619.868 -0.84077 -0.0733634 -0.536399 5039.23 -0.538277 0.00712833 0.842738 1840
0.00730311 0.999655 -0.0252219 617.212 -0.824822 -0.00823782 -0.565332 5000.03 -0.565345 0.0249323 0.824478 1908.13
-0.00677023 0.999441 -0.0327404 617.2 -0.814811 -0.0244937 -0.579209 5000.02 -0.579687 0.0227558 0.814521 1908.04
-0.00315605 0.999656 -0.0260369 617.221 -0.809846 -0.0178294 -0.586372 4999.87 -0.586635 0.0192353 0.809623 1908.23
-0.00804923 0.999792 -0.0187511 617.489 -0.808069 -0.0175492 -0.588827 4991.95 -0.589033 0.0104127 0.808042 1922.13
-0.00569373 0.999871 -0.0150232 617.485 -0.803413 -0.013519 -0.595269 4991.34 -0.595395 0.00868052 0.803386 1922.07
-0.0164353 0.999739 -0.0158406 617.561 -0.792854 -0.0226834 -0.60899 4990.51 -0.60919 0.00255033 0.79302 1924.57
-0.0108727 0.999779 -0.0180202 617.611 -0.784842 -0.0196992 -0.619383 4989.91 -0.619601 0.00740865 0.784882 1926.29
0.000742748 0.999638 -0.0268924 617.367 -0.770648 -0.0165653 -0.637046 4970.53 -0.637261 0.0211977 0.770356 1963.19
0.00295854 0.999252 -0.0385678 617.353 -0.765209 -0.022567 -0.643386 4964.82 -0.643775 0.0314159 0.76457 1970.44
0.00291044 0.999137 -0.0414367 617.345 -0.757963 -0.0248249 -0.651825 4964.76 -0.652291 0.0333046 0.757237 1970.6
0.00636403 0.999267 -0.0377575 617.261 -0.749568 -0.0202256 -0.661618 4963.36 -0.661896 0.0325124 0.74889 1972.56
0.0105327 0.999385 -0.0334525 617.218 -0.743248 -0.0145556 -0.668858 4962.53 -0.668933 0.0319084 0.742637 1973.49
0.0113301 0.999393 -0.0329529 616.362 -0.742317 -0.0136732 -0.669909 4949.01 -0.669953 0.0320516 0.741712 1988.79
0.0116833 0.999365 -0.0336725 616.394 -0.738722 -0.0140689 -0.673864 4947.51 -0.673909 0.0327475 0.738088 1990.35
0.0171802 0.999061 -0.039782 616.661 -0.706776 -0.0160086 -0.707256 4943.89 -0.707229 0.0402677 0.705837 1998.46
0.0623886 0.997769 -0.0237707 584.219 -0.604259 0.018806 -0.796566 4591.08 -0.794341 0.0640602 0.604084 2417.76
0.0593246 0.99802 -0.0209138 584.263 -0.591866 0.0182955 -0.805829 4591.26 -0.80385 0.0601836 0.591779 2417.41
0.0536527 0.998387 -0.0185705 584.284 -0.582719 0.0162018 -0.812512 4591.32 -0.810901 0.0544148 0.582648 2417.15
0.0566085 0.99819 -0.0203254 583.33 -0.580787 0.0163645 -0.813891 4578.15 -0.812085 0.0578779 0.580662 2428.29
0.0537943 0.998268 -0.0238076 583.317 -0.569119 0.0110604 -0.822181 4578.01 -0.820494 0.057778 0.568728 2428.44
0.0550698 0.998008 -0.0307709 583.151 -0.556096 0.0050604 -0.831103 4572.94 -0.829292 0.0628802 0.555267 2435.31
0.0501883 0.998204 -0.032699 583.167 -0.550759 0.000349537 -0.834664 4573.1 -0.833154 0.0598997 0.549787 2434.63
0.0493641 0.998362 -0.0289341 583.093 -0.54845 0.00288443 -0.836178 4571.43 -0.834725 0.0571461 0.547694 2435.68
0.0757089 0.996816 -0.0250139 582.892 -0.540678 0.0199612 -0.840993 4567.34 -0.837816 0.0771951 0.540468 2441.45
0.0838172 0.996245 -0.021672 580.834 -0.532366 0.0263837 -0.846103 4540.73 -0.842355 0.0824555 0.532578 2471.19
0.088183 0.995854 -0.0223453 580.861 -0.522174 0.027112 -0.852408 4540.15 -0.848268 0.086836 0.5224 2471.68
0.0860731 0.995952 -0.0258991 580.65 -0.507627 0.0214729 -0.861309 4538.59 -0.857267 0.0872826 0.50742 2473.8
0.0723396 0.99695 -0.0292841 579.684 -0.489267 0.00988552 -0.872078 4522 -0.869129 0.0774136 0.48849 2491.58
0.0822499 0.995818 -0.0397737 579.725 -0.491602 0.00582361 -0.8708 4521.93 -0.866927 0.0911761 0.490025 2491.49
0.0800132 0.995805 -0.0443963 579.714 -0.482539 -0.000277311 -0.875875 4521.75 -0.872212 0.0915044 0.480492 2491.55
0.0837864 0.99571 -0.0392599 579.719 -0.474141 0.00518309 -0.880434 4521.47 -0.876453 0.0923832 0.472541 2491.74
0.0771446 0.996613 -0.0284723 579.866 -0.468185 0.0109982 -0.883562 4512.23 -0.880256 0.0814924 0.467448 2500.28
0.0709187 0.997321 -0.0178988 579.728 -0.479679 0.0183657 -0.877252 4515.44 -0.874573 0.0707992 0.479697 2495.26
0.166409 0.985228 -0.0404087 573.417 -0.465544 0.0423751 -0.88401 4384.82 -0.869239 0.16592 0.465718 2558.91
0.149238 0.988095 -0.0373638 571.727 -0.415085 0.0283068 -0.909342 4363.64 -0.897459 0.151217 0.414368 2584.08
0.15308 0.987384 -0.0404885 571.65 -0.409766 0.0261389 -0.911816 4362.26 -0.899254 0.156172 0.408598 2585.15
