1 0 0 0 0 1 0 0 0 0 1 0
0.999997 -0.00239702 0.000472091 0.00509697 0.0023973 0.999997 -0.000595357 0.00683072 -0.000470664 0.000596486 1 1.29403
0.999993 -0.00355534 0.00092521 -0.00661808 0.00355202 0.999987 0.00357609 0.00758507 -0.00093789 -0.00357278 0.999993 2.55797
0.999981 -0.00610513 0.000291055 -0.00595909 0.00610201 0.999934 0.0097426 0.00673729 -0.00035049 -0.00974065 0.999952 3.84578
0.99995 -0.00995852 -0.00114968 -0.00743038 0.00996973 0.999898 0.0102028 0.00936142 0.00104797 -0.0102137 0.999947 5.11317
0.999925 -0.0121323 -0.00169607 -0.0178903 0.012144 0.999901 0.00705717 0.0198911 0.00161028 -0.00707723 0.999974 6.3752
0.999909 -0.0132892 -0.00252396 -0.0193967 0.0132974 0.999906 0.00327727 0.0340219 0.00248017 -0.00331053 0.999991 7.63306
0.999921 -0.012219 -0.00299405 -0.0359664 0.0122289 0.99992 0.00329464 0.0281258 0.00295354 -0.003331 0.99999 8.88397
0.999916 -0.0122551 -0.00422786 -0.0411891 0.0122759 0.999913 0.0049243 0.0390447 0.00416716 -0.00497577 0.999979 10.1489
0.999918 -0.0119353 -0.00466133 -0.0558084 0.0119731 0.999895 0.00815381 0.0401305 0.00456351 -0.00820896 0.999956 11.3867
0.999913 -0.0121623 -0.00503286 -0.0745086 0.0122111 0.999878 0.0097855 0.0464629 0.00491322 -0.00984612 0.999939 12.6257
0.999893 -0.0134032 -0.00584506 -0.0817963 0.0134631 0.999856 0.0103405 0.0608366 0.00570565 -0.010418 0.999929 13.8544
0.999892 -0.0133122 -0.00627367 -0.100363 0.0133764 0.999857 0.0103125 0.071886 0.0061355 -0.0103953 0.999927 15.0864
0.999885 -0.0134842 -0.00692381 -0.118825 0.0135455 0.999869 0.00887805 0.0794761 0.00680318 -0.00897082 0.999937 16.3093
0.999865 -0.0142546 -0.0081311 -0.140666 0.0143111 0.999874 0.00692926 0.0942969 0.00803129 -0.0070447 0.999943 17.5312
0.999824 -0.0156443 -0.0103601 -0.141316 0.015701 0.999862 0.00541792 0.108289 0.010274 -0.00557961 0.999932 18.7537
0.999812 -0.0152748 -0.0119449 -0.162069 0.0153323 0.999871 0.00474126 0.114151 0.0118709 -0.0049235 0.999917 19.9844
0.999799 -0.0144369 -0.0138827 -0.183442 0.0144988 0.999885 0.00437034 0.11164 0.013818 -0.00457074 0.999894 21.2078
0.999788 -0.0129692 -0.0160213 -0.19423 0.0130323 0.999908 0.00384003 0.13042 0.01597 -0.00404801 0.999864 22.4151
0.999741 -0.0135201 -0.0183035 -0.214813 0.0136036 0.999898 0.00444719 0.141511 0.0182415 -0.00469506 0.999823 23.6786
0.999738 -0.0130715 -0.0187839 -0.285203 0.0132003 0.99989 0.00675091 0.125423 0.0186936 -0.00699709 0.999801 24.9421
0.999688 -0.0133334 -0.0211098 -0.331074 0.0135798 0.999841 0.0115738 0.0355924 0.0209521 -0.0118569 0.99971 26.2472
0.999379 -0.0147124 -0.0320083 -0.246411 0.0151938 0.999774 0.0148473 -0.00577593 0.0317826 -0.0153244 0.999377 26.9608
0.99936 -0.0135394 -0.0331036 -0.28143 0.0140269 0.999796 0.0145389 -0.00437938 0.0329 -0.014994 0.999346 27.6531
0.999274 -0.0136884 -0.0355511 -0.294236 0.0142119 0.999794 0.0145123 0.00895493 0.0353451 -0.015007 0.999262 28.3437
0.999291 -0.0131518 -0.0352811 -0.334789 0.0137532 0.999763 0.0168571 0.0158415 0.035051 -0.0173303 0.999235 29.0266
0.999214 -0.0142352 -0.0370018 -0.348439 0.0149682 0.999696 0.0196078 0.0260817 0.0367114 -0.0201463 0.999123 29.7056
0.999182 -0.0144097 -0.0377728 -0.377111 0.0152144 0.999662 0.021104 0.0370586 0.0374559 -0.0216615 0.999063 30.3852
0.999201 -0.013639 -0.0375696 -0.416181 0.0143905 0.9997 0.0198053 0.0476761 0.0372882 -0.0203301 0.999098 31.0474
0.999171 -0.0115531 -0.0390377 -0.44184 0.0122194 0.999783 0.0168752 0.0648423 0.0388343 -0.0173383 0.999095 31.7105
0.999147 -0.0112509 -0.0397444 -0.470807 0.0118558 0.999817 0.0150164 0.078094 0.0395682 -0.0154748 0.999097 32.3735
0.999123 -0.00979092 -0.04071 -0.503385 0.0103892 0.999841 0.0145108 0.0912832 0.0405614 -0.014921 0.999066 33.0227
0.999083 -0.0101489 -0.0415965 -0.537711 0.0107509 0.99984 0.0142753 0.0940939 0.041445 -0.0147094 0.999032 33.6722
0.999001 -0.00995502 -0.0435584 -0.56971 0.0105472 0.999855 0.0133875 0.102448 0.0434188 -0.0138335 0.998961 34.3184
0.998912 -0.0104862 -0.045449 -0.600737 0.0111084 0.999848 0.0134597 0.108903 0.045301 -0.01395 0.998876 34.9676
0.998809 -0.010292 -0.0476925 -0.628648 0.0110045 0.999831 0.0147009 0.117452 0.0475331 -0.0152082 0.998754 35.6096
0.998701 -0.010654 -0.049834 -0.661291 0.0115135 0.999789 0.0169913 0.124792 0.0496425 -0.017543 0.998613 36.2346
0.998611 -0.00962062 -0.0518076 -0.69209 0.0105809 0.999777 0.0182924 0.138705 0.0516201 -0.0188151 0.99849 36.8673
0.998518 -0.00893585 -0.0536758 -0.732059 0.00995768 0.999774 0.0188002 0.142106 0.0534956 -0.0193069 0.998381 37.4821
0.99845 -0.00669684 -0.0552501 -0.774384 0.00769398 0.999811 0.0178545 0.15323 0.0551201 -0.0182519 0.998313 38.083
0.998335 -0.00542154 -0.057431 -0.809683 0.00643557 0.999826 0.0174862 0.159922 0.0573262 -0.0178266 0.998196 38.6828
0.998255 -0.00419672 -0.0589046 -0.84761 0.00528768 0.999817 0.018377 0.175248 0.0588167 -0.0186564 0.998094 39.2792
0.998218 -0.00264999 -0.0596146 -0.893321 0.00387701 0.999783 0.0204765 0.182739 0.0595474 -0.0206711 0.998011 39.8677
0.998204 -0.000155697 -0.059913 -0.92819 0.00142587 0.999775 0.0211584 0.191175 0.0598962 -0.0212058 0.997979 40.445
0.998275 0.00262405 -0.0586495 -0.970093 -0.00152005 0.999821 0.0188603 0.204656 0.0586885 -0.0187386 0.9981 41.0115
0.998357 0.00455368 -0.0571242 -1.00599 -0.00365039 0.999867 0.0159074 0.213947 0.0571891 -0.0156727 0.99824 41.5622
0.998438 0.00487224 -0.0556652 -1.03081 -0.00411889 0.999898 0.0136404 0.230627 0.055726 -0.0133898 0.998356 42.1124
0.998593 0.00564723 -0.0527304 -1.05913 -0.00487345 0.999879 0.0147914 0.237001 0.0528076 -0.0145136 0.998499 42.6604
0.998748 0.010521 -0.0489 -1.09886 -0.00969898 0.999808 0.017017 0.249976 0.0490696 -0.0165214 0.998659 43.2024
0.998876 0.0145868 -0.0450919 -1.12786 -0.0136735 0.999696 0.0204968 0.259727 0.0453772 -0.0198572 0.998773 43.7289
0.998974 0.019741 -0.0407645 -1.15878 -0.0188628 0.999584 0.0218171 0.267939 0.0411782 -0.0210258 0.998931 44.2421
0.999109 0.0231281 -0.035312 -1.18022 -0.0223616 0.999509 0.0219498 0.281925 0.0358023 -0.0211406 0.999135 44.7355
0.999182 0.0274517 -0.0297027 -1.19999 -0.0267612 0.999368 0.0233996 0.299762 0.0303262 -0.0225856 0.999285 45.234
0.999215 0.0321956 -0.0230961 -1.2158 -0.0316244 0.999195 0.0246815 0.308195 0.0238722 -0.0239317 0.999429 45.7004
0.999227 0.0359595 -0.0158718 -1.23017 -0.035566 0.999069 0.0244117 0.316902 0.0167348 -0.0238284 0.999576 46.1506
0.999191 0.0392809 -0.00858441 -1.23613 -0.0390588 0.998932 0.0246664 0.325232 0.00954418 -0.0243111 0.999659 46.5803
0.99905 0.0435516 -0.00141034 -1.23717 -0.0435042 0.998755 0.0244252 0.331286 0.00247236 -0.0243406 0.999701 47.0008
0.998842 0.0476751 0.00653169 -1.24266 -0.0478061 0.998622 0.0216336 0.345766 -0.0054913 -0.0219208 0.999745 47.4091
0.998635 0.050191 0.014441 -1.24003 -0.0504589 0.998549 0.0188245 0.349658 -0.0134753 -0.0195275 0.999718 47.7862
0.998474 0.0504662 0.0224023 -1.23226 -0.0508795 0.998537 0.0182797 0.359389 -0.021447 -0.0193916 0.999582 48.1538
0.998309 0.0495556 0.0303922 -1.2173 -0.0501651 0.998548 0.0196305 0.363237 -0.0293752 -0.0211219 0.999345 48.4908
0.997912 0.0519831 0.0383236 -1.20513 -0.0528077 0.998388 0.0208262 0.365547 -0.0371792 -0.0228065 0.999048 48.815
0.997369 0.0546555 0.0476175 -1.19981 -0.0556925 0.998233 0.0207301 0.373872 -0.0464003 -0.0233276 0.99865 49.1146
0.99666 0.0594314 0.0560028 -1.18143 -0.0606401 0.997957 0.0201353 0.379049 -0.0546917 -0.0234641 0.998228 49.3898
0.995867 0.0634372 0.0649944 -1.16434 -0.0648735 0.997688 0.0202307 0.383218 -0.0635607 -0.0243636 0.997681 49.6535
0.995259 0.062497 0.0745256 -1.14456 -0.0642369 0.99771 0.0211792 0.380119 -0.0730313 -0.0258661 0.996994 49.8887
0.994484 0.0613438 0.0850811 -1.11778 -0.0632047 0.997813 0.0193516 0.381261 -0.0837079 -0.0246224 0.996186 50.1243
0.993483 0.0599081 0.096968 -1.08853 -0.0616179 0.997991 0.0147324 0.385503 -0.0958906 -0.0206114 0.995178 50.3615
0.992069 0.0607833 0.110021 -1.05252 -0.0623274 0.997999 0.0106473 0.388625 -0.109154 -0.0174202 0.993872 50.5854
0.990117 0.06255 0.125526 -1.02118 -0.0640934 0.997909 0.00829058 0.391387 -0.124745 -0.016254 0.992056 50.8098
0.987799 0.0644885 0.141756 -0.981404 -0.0661443 0.997786 0.00699468 0.393222 -0.140991 -0.0162857 0.989877 51.038
0.985159 0.0648551 0.158923 -0.941592 -0.0665973 0.997764 0.00565567 0.398564 -0.158201 -0.0161556 0.987275 51.266
0.982134 0.0641544 0.17691 -0.891161 -0.06597 0.997812 0.00439408 0.396889 -0.176241 -0.0159863 0.984217 51.4815
0.978513 0.0633 0.19623 -0.833978 -0.0653784 0.997852 0.00412583 0.394666 -0.195547 -0.0168664 0.980549 51.6856
0.97417 0.0636022 0.216672 -0.777896 -0.0658182 0.997827 0.00301942 0.394749 -0.216009 -0.0172024 0.97624 51.9122
0.96915 0.0657439 0.23754 -0.708464 -0.0677831 0.9977 0.00041829 0.401702 -0.236966 -0.0165066 0.971378 52.1366
0.963214 0.0666024 0.260352 -0.64168 -0.0685595 0.997646 -0.00156759 0.398385 -0.259843 -0.0163397 0.965513 52.3478
0.956125 0.068207 0.284907 -0.563756 -0.0703177 0.997521 -0.00282659 0.396815 -0.284394 -0.0173315 0.958551 52.5673
0.947885 0.0711472 0.310568 -0.48059 -0.0736659 0.997276 -0.00362772 0.392976 -0.30998 -0.0194396 0.950544 52.7813
0.938338 0.0733231 0.337854 -0.383499 -0.0760857 0.997088 -0.00507749 0.392533 -0.337243 -0.0209415 0.941185 53.0063
0.927493 0.0739054 0.366463 -0.281943 -0.0768684 0.99702 -0.00652243 0.388066 -0.365853 -0.0221199 0.93041 53.221
0.915181 0.072237 0.396516 -0.161703 -0.0748969 0.997153 -0.00879412 0.381917 -0.396022 -0.0216496 0.917986 53.4402
0.90069 0.0693818 0.428887 -0.0301349 -0.0712418 0.99739 -0.0117371 0.376355 -0.428582 -0.0199832 0.903282 53.6527
0.883824 0.0686226 0.462759 0.110534 -0.0689181 0.997489 -0.016291 0.37086 -0.462715 -0.0174941 0.886334 53.8581
0.864865 0.0699915 0.497101 0.264174 -0.0683672 0.997429 -0.0214909 0.365548 -0.497327 -0.0153987 0.867426 54.0772
0.843563 0.0719486 0.532189 0.433983 -0.0684311 0.997308 -0.0263608 0.360276 -0.532653 -0.0141812 0.846215 54.2949
0.81944 0.0747272 0.568273 0.608662 -0.0698305 0.997095 -0.0304224 0.354672 -0.568895 -0.0147535 0.822278 54.5086
0.792551 0.0787936 0.604694 0.806445 -0.0733928 0.996734 -0.0336844 0.347681 -0.605373 -0.0176835 0.795746 54.7273
0.76311 0.0831791 0.640893 1.0263 -0.0775281 0.996304 -0.0369939 0.340472 -0.641602 -0.0214568 0.766738 54.9606
0.730705 0.0838876 0.67752 1.26214 -0.0774082 0.996202 -0.0398607 0.326139 -0.678291 -0.0233192 0.734423 55.1765
0.69454 0.0810247 0.714877 1.52953 -0.0738927 0.996417 -0.0411441 0.307376 -0.71565 -0.024248 0.698038 55.4005
0.65581 0.0802236 0.750651 1.81463 -0.0719882 0.996452 -0.0436 0.295915 -0.751486 -0.0254447 0.659258 55.6189
0.613603 0.0795889 0.785594 2.1356 -0.0703033 0.996463 -0.0460405 0.282135 -0.786479 -0.0269793 0.617027 55.843
0.567991 0.0792214 0.819213 2.47963 -0.0672043 0.996497 -0.0497703 0.260294 -0.820286 -0.0267855 0.571326 56.0485
0.520297 0.0771106 0.850497 2.84438 -0.0637707 0.996643 -0.0513489 0.231242 -0.851601 -0.0275201 0.523467 56.2411
0.47208 0.0757526 0.878295 3.23318 -0.0627386 0.996662 -0.0522399 0.215355 -0.87932 -0.0304416 0.475257 56.4197
0.422701 0.0728852 0.903334 3.64693 -0.0627289 0.996723 -0.0510673 0.188636 -0.904096 -0.0350789 0.425888 56.5898
0.373082 0.0728449 0.924934 4.08798 -0.0663929 0.996453 -0.0516973 0.173576 -0.92542 -0.0421217 0.376595 56.7493
0.324386 0.0732733 0.943083 4.52659 -0.0644414 0.996391 -0.0552497 0.156577 -0.943727 -0.0428514 0.327937 56.8742
0.277611 0.0696841 0.958163 4.99527 -0.0535602 0.996937 -0.0569859 0.122338 -0.9592 -0.0354995 0.280493 56.9711
0.233339 0.0638548 0.970297 5.48313 -0.041086 0.997598 -0.055771 0.090324 -0.971527 -0.026852 0.235402 57.0552
0.19158 0.0627162 0.979471 5.98299 -0.0323103 0.997818 -0.0575713 0.0603394 -0.980945 -0.0206175 0.193188 57.1178
0.152537 0.0639967 0.986224 6.49161 -0.0290567 0.99776 -0.0602512 0.0353373 -0.987871 -0.0194658 0.154055 57.1879
0.120056 0.0645478 0.990667 7.01044 -0.020657 0.997831 -0.0625113 0.000660851 -0.992552 -0.0129594 0.121129 57.2237
0.0911164 0.0628618 0.993854 7.54193 -0.013368 0.997993 -0.061898 -0.0336151 -0.995751 -0.00764593 0.0917739 57.2515
0.0659485 0.060876 0.995964 8.087 -0.00669359 0.998142 -0.0605659 -0.0687855 -0.997801 -0.00267234 0.0662334 57.2724
0.0460725 0.0602592 0.997119 8.63827 -0.00205192 0.998183 -0.0602287 -0.0927967 -0.998936 0.000728879 0.0461124 57.283
0.0302848 0.0619088 0.997622 9.19062 0.00101149 0.998078 -0.0619678 -0.118632 -0.999541 0.00288577 0.030164 57.2878
0.016642 0.0618247 0.997948 9.75572 0.00140095 0.998084 -0.0618565 -0.150842 -0.999861 0.00242749 0.0165235 57.292
0.00535546 0.062585 0.998025 10.3286 0.00283351 0.998035 -0.0626008 -0.186315 -0.999982 0.00316316 0.0051676 57.2825
-0.00341302 0.0653968 0.997853 10.9283 0.00722438 0.997835 -0.0653708 -0.221353 -0.999968 0.00698576 -0.00387808 57.2679
-0.00997637 0.0671143 0.997695 11.5314 0.0115173 0.997687 -0.0669985 -0.254032 -0.999884 0.0108224 -0.0107263 57.2517
-0.0148212 0.0668477 0.997653 12.1397 0.0113379 0.99771 -0.0666831 -0.280866 -0.999826 0.010323 -0.0155451 57.2434
-0.018565 0.0641282 0.997769 12.7642 0.00938459 0.997908 -0.0639625 -0.312668 -0.999784 0.00817619 -0.019128 57.2385
-0.0208308 0.0571155 0.99815 13.4013 0.00775593 0.998346 -0.0569648 -0.348146 -0.999753 0.00655496 -0.0212393 57.2281
-0.0220544 0.0517242 0.998418 14.0482 0.00880216 0.998632 -0.0515408 -0.37681 -0.999718 0.00765153 -0.0224795 57.211
-0.0225193 0.0488132 0.998554 14.7121 0.0113525 0.998755 -0.0485671 -0.413806 -0.999682 0.0102424 -0.0230454 57.1915
-0.0226007 0.0510782 0.998439 15.3657 0.0144731 0.998606 -0.0507592 -0.450185 -0.99964 0.0133033 -0.0233085 57.1797
-0.0215574 0.0586267 0.998047 16.0284 0.0155564 0.998178 -0.0582984 -0.475608 -0.999647 0.0142692 -0.0224302 57.1626
-0.0193719 0.0669951 0.997565 16.7019 0.0164603 0.997638 -0.0666803 -0.507093 -0.999677 0.0151285 -0.0204289 57.1508
-0.0172595 0.0674036 0.997576 17.3922 0.0170994 0.997599 -0.0671092 -0.541696 -0.999705 0.0158997 -0.0183706 57.1412
-0.0150054 0.0631951 0.997888 18.0954 0.0163679 0.997882 -0.0629486 -0.577473 -0.999753 0.0153888 -0.016008 57.132
-0.0127603 0.0567744 0.998305 18.7998 0.0157391 0.998275 -0.0565715 -0.620258 -0.999795 0.0149906 -0.0136319 57.1312
-0.0101505 0.0549711 0.998436 19.4979 0.0140944 0.998396 -0.0548256 -0.661879 -0.999849 0.0135158 -0.010909 57.1345
-0.00657432 0.0602188 0.998164 20.1942 0.0216987 0.997959 -0.0600635 -0.706517 -0.999743 0.021264 -0.00786757 57.1189
-0.00334184 0.0655444 0.997844 20.8849 0.0239362 0.997569 -0.0654461 -0.746201 -0.999708 0.0236659 -0.0049026 57.116
-0.000962724 0.0662453 0.997803 21.5843 0.0173713 0.997654 -0.0662187 -0.780767 -0.999849 0.0172694 -0.00211123 57.1266
0.0024591 0.0626872 0.99803 22.2895 0.0129154 0.997948 -0.0627139 -0.820149 -0.999914 0.0130442 0.00164443 57.1395
0.00724482 0.0589974 0.998232 22.993 0.01707 0.998105 -0.0591138 -0.868465 -0.999828 0.0174681 0.00622401 57.1405
0.010812 0.0600439 0.998137 23.6917 0.0214838 0.997951 -0.0602654 -0.912216 -0.999711 0.0220954 0.00949986 57.1409
0.0134659 0.0645853 0.997821 24.3921 0.0211912 0.997669 -0.0648615 -0.954898 -0.999685 0.0220184 0.0120659 57.1549
0.0176151 0.0656059 0.99769 25.0993 0.0176761 0.997668 -0.0659166 -0.984679 -0.999689 0.0187964 0.0164144 57.1668
0.021583 0.0650162 0.997651 25.8043 0.017832 0.997699 -0.0654051 -1.03081 -0.999608 0.0192017 0.0203739 57.179
0.0252142 0.0618264 0.997768 26.5011 0.0218366 0.997814 -0.062381 -1.07807 -0.999444 0.0233607 0.023809 57.1925
0.0286607 0.062347 0.997643 27.202 0.0261314 0.997665 -0.0630991 -1.12263 -0.999248 0.0278783 0.0269646 57.2108
0.0325001 0.0630775 0.997479 27.9069 0.0294799 0.997512 -0.0640401 -1.16802 -0.999037 0.0314869 0.0305597 57.2252
0.0351939 0.0631031 0.997386 28.6125 0.0294731 0.997505 -0.0641506 -1.20933 -0.998946 0.0316538 0.0332462 57.2506
0.0384228 0.0613748 0.997375 29.3129 0.0309625 0.99756 -0.0625789 -1.25722 -0.998782 0.0332857 0.0364287 57.2833
0.0418339 0.060295 0.997304 30.0223 0.032769 0.997558 -0.0616849 -1.30403 -0.998587 0.0352612 0.0397559 57.3161
0.0449777 0.0607638 0.997138 30.744 0.0311835 0.997577 -0.0621971 -1.3379 -0.998501 0.0338918 0.0429739 57.3432
0.0476457 0.0624474 0.99691 31.4534 0.0281066 0.997565 -0.0638317 -1.37971 -0.998469 0.0310611 0.0457745 57.3903
0.0507428 0.0620862 0.99678 32.161 0.030392 0.997508 -0.0636787 -1.42638 -0.998249 0.0335253 0.0487295 57.4226
0.0533085 0.0621574 0.996642 32.8708 0.0278886 0.997579 -0.0637076 -1.46273 -0.998188 0.0311911 0.051446 57.4694
0.0558454 0.0626145 0.996474 33.5904 0.0260927 0.997599 -0.0641475 -1.50233 -0.998098 0.0295831 0.0540776 57.5109
0.0581738 0.0624259 0.996353 34.3067 0.0233949 0.997684 -0.0638753 -1.5483 -0.998032 0.0270254 0.0565786 57.5685
0.0619202 0.0645982 0.995988 35.0277 0.0218942 0.997575 -0.0660623 -1.58795 -0.997841 0.025897 0.0603557 57.61
0.0654259 0.0684388 0.995508 35.7478 0.0205215 0.997342 -0.0699136 -1.62928 -0.997647 0.0250035 0.0638475 57.6574
0.0686585 0.0702566 0.995163 36.4769 0.0208354 0.997199 -0.0718377 -1.68126 -0.997423 0.0256669 0.0670023 57.7151
0.071801 0.0721865 0.994803 37.213 0.0150346 0.997186 -0.0734446 -1.72691 -0.997306 0.0202298 0.0705137 57.7764
0.0745098 0.0716025 0.994646 37.9609 0.0113212 0.997294 -0.0726412 -1.77053 -0.997156 0.016673 0.0734975 57.8465
0.0776999 0.0720127 0.994373 38.7005 0.0138866 0.997213 -0.0733035 -1.82152 -0.99688 0.0195042 0.0764833 57.9148
0.0810618 0.0730581 0.994028 39.4422 0.0125542 0.997156 -0.0743118 -1.87973 -0.99663 0.018503 0.0799141 57.9831
0.0850292 0.0743003 0.993604 40.1904 0.00884901 0.99712 -0.0753204 -1.92305 -0.996339 0.0151968 0.0841268 58.0518
0.0889382 0.0729219 0.993364 40.9386 0.00770482 0.997236 -0.073896 -1.96533 -0.996007 0.0142259 0.0881305 58.1305
0.0933453 0.0720348 0.993025 41.6946 0.00792358 0.997294 -0.0730894 -2.03324 -0.995602 0.0146909 0.0925219 58.2072
0.0988129 0.0761851 0.992185 42.4474 0.00440831 0.997022 -0.0769955 -2.07632 -0.995096 0.011982 0.0981828 58.2895
0.104109 0.0845689 0.990964 43.1959 0.00241386 0.996354 -0.0852825 -2.13309 -0.994563 0.0112707 0.103525 58.3868
0.111769 0.0891882 0.989724 43.945 0.00122027 0.995951 -0.0898872 -2.19194 -0.993734 0.0112543 0.111207 58.4765
0.119291 0.0922513 0.988564 44.7022 -0.00316704 0.995704 -0.0925354 -2.25356 -0.992854 0.0079078 0.119071 58.5741
0.126131 0.0910635 0.987825 45.4708 -0.00753606 0.995837 -0.0908399 -2.31077 -0.991985 0.00401342 0.126292 58.6885
0.133705 0.0893214 0.986988 46.2415 -0.00740957 0.995992 -0.0891325 -2.37769 -0.990993 0.00460435 0.133831 58.7993
0.141575 0.0857465 0.986207 47.0181 -0.0077831 0.996307 -0.0855074 -2.44225 -0.989897 0.00442997 0.14172 58.9106
0.148592 0.0804627 0.98562 47.7865 -0.0102158 0.996756 -0.0798317 -2.50317 -0.988846 0.00179345 0.148932 59.038
0.155342 0.073215 0.985144 48.5635 -0.013359 0.997314 -0.072013 -2.55954 -0.98777 -0.00197393 0.155903 59.1749
0.162775 0.0701255 0.984168 49.3247 -0.0134053 0.997536 -0.0688609 -2.62431 -0.986572 -0.00198418 0.163314 59.3109
0.169776 0.0722041 0.982834 50.0874 -0.0141756 0.997388 -0.0708246 -2.67904 -0.985381 -0.00190802 0.170356 59.452
0.17572 0.0784385 0.98131 50.835 -0.0134653 0.996919 -0.0772749 -2.73471 -0.984348 0.000365138 0.176235 59.5893
0.180897 0.0827074 0.980018 51.5812 -0.0152322 0.996574 -0.0812929 -2.77976 -0.983384 -0.000222106 0.181537 59.7303
0.18625 0.0855783 0.978768 52.3166 -0.0166698 0.996331 -0.0839419 -2.84031 -0.982361 -0.000681698 0.186993 59.8758
0.190939 0.0846329 0.977947 53.0422 -0.0193743 0.996407 -0.0824477 -2.90739 -0.981411 -0.00320456 0.191892 60.0336
0.196089 0.081956 0.977155 53.7692 -0.0155547 0.996636 -0.0804685 -2.96436 -0.980463 0.000579644 0.196704 60.1792
0.200972 0.0751899 0.976707 54.4854 -0.0144441 0.997169 -0.0737931 -3.01579 -0.979491 0.000722677 0.201489 60.3245
0.204293 0.0689768 0.976477 55.2008 -0.016016 0.997616 -0.0671193 -3.06847 -0.978779 -0.00192728 0.204911 60.4823
0.207034 0.0659302 0.97611 55.9002 -0.0200238 0.997803 -0.0631483 -3.11456 -0.978129 -0.00647157 0.2079 60.6482
0.210496 0.0657997 0.975378 56.5926 -0.0212935 0.997804 -0.0627172 -3.162 -0.977363 -0.0075675 0.211435 60.8003
0.212667 0.0678827 0.974764 57.2699 -0.0232504 0.997653 -0.0644041 -3.20638 -0.976848 -0.00896699 0.213746 60.9574
0.214361 0.0722199 0.974081 57.9419 -0.0272791 0.997316 -0.0679394 -3.25038 -0.976373 -0.0120085 0.215756 61.1124
0.216157 0.0762808 0.973374 58.5964 -0.0284014 0.997013 -0.0718262 -3.29724 -0.975946 -0.0121195 0.217678 61.2692
0.217965 0.0815368 0.972545 59.2466 -0.0289262 0.996606 -0.0770711 -3.34351 -0.975528 -0.0113332 0.219584 61.4258
0.219638 0.0834314 0.972007 59.8909 -0.0282399 0.996463 -0.0791493 -3.39291 -0.975173 -0.0100652 0.221217 61.5761
0.22103 0.0837593 0.971664 60.5264 -0.030568 0.996411 -0.0789391 -3.43743 -0.974788 -0.0122539 0.222797 61.7286
0.221635 0.0803538 0.971813 61.155 -0.0305551 0.996682 -0.0754415 -3.493 -0.974651 -0.0129734 0.223355 61.8771
0.222136 0.0780295 0.971888 61.7737 -0.0309676 0.996854 -0.0729559 -3.53958 -0.974524 -0.013891 0.223854 62.0246
0.221966 0.0764201 0.972055 62.3922 -0.0296218 0.996992 -0.0716166 -3.58842 -0.974604 -0.0128976 0.223562 62.1697
0.220465 0.075512 0.972467 62.997 -0.0294453 0.99706 -0.0707461 -3.63284 -0.97495 -0.0130376 0.22204 62.3129
0.218613 0.0764818 0.97281 63.592 -0.0312889 0.996961 -0.0713492 -3.68014 -0.97531 -0.0148403 0.220341 62.4565
0.216464 0.0797022 0.973032 64.1813 -0.0319771 0.996706 -0.0745276 -3.72096 -0.975767 -0.0149822 0.2183 62.5938
0.214003 0.0830884 0.973293 64.7642 -0.0298715 0.996467 -0.0784987 -3.77101 -0.976376 -0.0122748 0.215729 62.7304
0.212771 0.0837409 0.973507 65.3329 -0.0280016 0.996434 -0.079593 -3.81483 -0.976701 -0.0103247 0.214357 62.8467
0.210258 0.0827304 0.974139 65.8918 -0.028415 0.996509 -0.0784971 -3.85395 -0.977233 -0.0111755 0.211875 62.9728
0.207824 0.0794257 0.974936 66.4433 -0.0286927 0.996764 -0.0750876 -3.89954 -0.977745 -0.0123685 0.209431 63.092
0.205478 0.0757707 0.975724 66.9967 -0.0290346 0.997031 -0.0713109 -3.94485 -0.978231 -0.0136769 0.207068 63.2182
0.203792 0.0749193 0.976143 67.5374 -0.0253138 0.997137 -0.0712458 -3.98827 -0.978687 -0.0101905 0.205105 63.323
0.201865 0.0763275 0.976435 68.0654 -0.0220138 0.99706 -0.0733887 -4.02754 -0.979166 -0.00668037 0.202952 63.4347
0.199501 0.0784627 0.976751 68.5912 -0.0179089 0.996915 -0.0764246 -4.06527 -0.979734 -0.00224576 0.20029 63.5318
0.197758 0.0801986 0.976965 69.109 -0.0182188 0.996776 -0.0781371 -4.10401 -0.980082 -0.00234692 0.198581 63.6414
0.196758 0.0828576 0.976945 69.6363 -0.0190748 0.996558 -0.0806793 -4.1438 -0.980266 -0.00276072 0.197662 63.7442
0.195521 0.0813653 0.977318 70.1644 -0.017297 0.996683 -0.0795171 -4.18378 -0.980547 -0.0013574 0.19628 63.8505
0.196347 0.079693 0.977291 70.6928 -0.0112423 0.996809 -0.079026 -4.22465 -0.98047 0.00452948 0.196616 63.9473
0.19847 0.077902 0.977006 71.2235 -0.00634262 0.996917 -0.0782012 -4.26344 -0.980087 0.00932378 0.198352 64.0486
0.200207 0.0772761 0.976701 71.7588 -0.00338506 0.996933 -0.078183 -4.3016 -0.979748 0.0123466 0.199855 64.1638
0.203626 0.0771008 0.976008 72.2861 -0.00617014 0.996976 -0.0774698 -4.34109 -0.979029 0.00975278 0.203486 64.2863
0.20895 0.078012 0.97481 72.8204 -0.00728751 0.99691 -0.0782186 -4.37868 -0.977899 0.00923982 0.208873 64.4079
0.215546 0.0766266 0.973482 73.3526 -0.00613166 0.997003 -0.0771204 -4.421 -0.976474 0.0106539 0.21537 64.5266
0.223176 0.0768523 0.971744 73.8934 -0.00768622 0.996995 -0.0770841 -4.4554 -0.974748 0.00973425 0.223096 64.659
0.231243 0.0745939 0.970032 74.4347 -0.00717508 0.99716 -0.0749695 -4.49598 -0.97287 0.0103761 0.231121 64.8031
0.24028 0.0743086 0.967855 74.9871 -0.0106586 0.997207 -0.073916 -4.53619 -0.970645 0.00744457 0.240401 64.9488
0.249769 0.0740388 0.965471 75.5382 -0.0120342 0.997233 -0.0733613 -4.57656 -0.968231 0.00670468 0.249968 65.1049
0.259768 0.0779621 0.962519 76.1023 -0.0172627 0.996951 -0.0760922 -4.6111 -0.965517 0.00315064 0.260322 65.262
0.268886 0.0802681 0.959822 76.6616 -0.0204602 0.996773 -0.0776265 -4.64546 -0.962955 0.00123452 0.26966 65.4365
0.279605 0.0828435 0.956534 77.2323 -0.0241958 0.996562 -0.0792375 -4.68391 -0.95981 -0.000988953 0.280648 65.6135
0.289837 0.084439 0.953344 77.8173 -0.0257272 0.996428 -0.0804333 -4.732 -0.95673 -0.00121436 0.290974 65.8056
0.299925 0.0855097 0.950123 78.4043 -0.0291043 0.996331 -0.0804811 -4.77041 -0.953519 -0.00351431 0.301314 65.9983
0.309972 0.0855805 0.946886 78.995 -0.0292994 0.996327 -0.0804576 -4.81358 -0.950294 -0.00280363 0.311341 66.207
0.319801 0.086687 0.943511 79.6036 -0.0336739 0.996217 -0.0801158 -4.85165 -0.946886 -0.00615053 0.321511 66.431
0.330556 0.0820315 0.940215 80.2283 -0.0326452 0.996613 -0.0754749 -4.88904 -0.943221 -0.00574481 0.332115 66.6558
0.341487 0.0749662 0.936892 80.8603 -0.0293208 0.997179 -0.069103 -4.93517 -0.939429 -0.00387264 0.342722 66.8866
0.352366 0.0702438 0.933222 81.4923 -0.0273456 0.997526 -0.0647588 -4.98127 -0.935463 -0.0027007 0.353415 67.1278
0.362168 0.0675711 0.92966 82.1301 -0.0285283 0.997705 -0.0614031 -5.01696 -0.931676 -0.00428334 0.363265 67.3914
0.371906 0.0647889 0.926007 82.7762 -0.0219653 0.997896 -0.0609969 -5.05439 -0.928011 0.00234504 0.372546 67.6462
0.380235 0.0592077 0.922993 83.4545 -0.0152272 0.998214 -0.05776 -5.09002 -0.924764 0.00790781 0.380458 67.9249
0.387261 0.0494414 0.920644 84.1385 -0.00495099 0.998658 -0.0515484 -5.12727 -0.921957 0.0154046 0.386986 68.2038
0.394169 0.0452396 0.917924 84.8244 1.29864e-05 0.998788 -0.0492305 -5.16246 -0.919038 0.0194171 0.393691 68.4951
0.401383 0.045149 0.914797 85.4988 0.00200629 0.998739 -0.0501721 -5.20541 -0.915908 0.0219736 0.400786 68.7925
0.409054 0.050977 0.911085 86.1748 0.00499851 0.998298 -0.0581009 -5.24002 -0.912497 0.0283205 0.408103 69.0906
0.415948 0.0553813 0.9077 86.8474 0.0085097 0.997863 -0.0647819 -5.2779 -0.909348 0.0346702 0.414588 69.4014
0.421261 0.05767 0.905104 87.5291 0.00635001 0.997764 -0.0665294 -5.32114 -0.906917 0.0337737 0.419953 69.7264
0.425613 0.0593558 0.902957 88.197 -0.000745704 0.997869 -0.0652434 -5.36432 -0.904905 0.0270951 0.42475 70.061
0.42954 0.0630196 0.900846 88.8596 -0.00755355 0.997778 -0.0661989 -5.41229 -0.903016 0.0216305 0.429061 70.3894
0.433709 0.0657986 0.898647 89.5089 -0.00788855 0.997569 -0.0692344 -5.46203 -0.901019 0.0229386 0.433174 70.7095
0.437256 0.0701531 0.896597 90.1374 -0.0111589 0.997299 -0.0725905 -5.50775 -0.899268 0.0217356 0.436858 71.0311
0.44121 0.072898 0.894438 90.7805 -0.01375 0.997127 -0.0744848 -5.55489 -0.897299 0.0205649 0.440945 71.3489
0.44484 0.0717617 0.89273 91.4113 -0.0150795 0.997244 -0.0726489 -5.59946 -0.895483 0.0188552 0.444696 71.6761
0.448907 0.0684002 0.890957 92.0375 -0.0139374 0.997481 -0.0695558 -5.65369 -0.89347 0.0188064 0.448729 71.9954
0.452628 0.0655892 0.889284 92.6528 -0.0138356 0.997688 -0.0665425 -5.69743 -0.891592 0.0178153 0.452489 72.306
0.455924 0.0646225 0.88767 93.2517 -0.0151365 0.997779 -0.0648641 -5.75123 -0.88989 0.0161369 0.455889 72.6319
0.459418 0.0667592 0.885708 93.8389 -0.0173375 0.997655 -0.0662041 -5.7881 -0.888051 0.0150595 0.459498 72.9396
0.462217 0.0669188 0.884238 94.4245 -0.0159806 0.997615 -0.0671456 -5.83212 -0.886623 0.0169051 0.462184 73.2501
0.464562 0.0655322 0.883113 95.0047 -0.0143603 0.997684 -0.0664798 -5.8742 -0.885424 0.0182022 0.464427 73.5514
0.466341 0.0641501 0.882276 95.573 -0.011701 0.997727 -0.0663598 -5.90968 -0.884528 0.0206228 0.466032 73.8473
0.468215 0.0635474 0.881327 96.1404 -0.0125188 0.997788 -0.065294 -5.9568 -0.883526 0.0195384 0.467975 74.1599
0.470155 0.0633869 0.880305 96.6845 -0.0116022 0.997775 -0.0656489 -5.99588 -0.882507 0.0206518 0.469845 74.4456
0.472519 0.0650556 0.878916 97.2278 -0.0121999 0.997659 -0.0672859 -6.03676 -0.881236 0.0210712 0.472207 74.7462
0.475419 0.0644778 0.877393 97.7606 -0.00875271 0.997608 -0.0685695 -6.08178 -0.879716 0.0249197 0.474846 75.0326
0.478596 0.0639524 0.875703 98.2812 -0.00716043 0.997595 -0.0689407 -6.12287 -0.878006 0.0267243 0.477903 75.3135
0.481661 0.0619006 0.874169 98.7913 -0.00331223 0.997624 -0.0688176 -6.1568 -0.876351 0.0302513 0.480721 75.5951
0.485331 0.0612789 0.87218 99.2967 -0.00255111 0.997636 -0.0686737 -6.19871 -0.874327 0.0311045 0.48434 75.8638
0.488224 0.0609828 0.870585 99.7932 -0.00150521 0.997613 -0.0690367 -6.23828 -0.872717 0.0323949 0.48715 76.1527
0.491747 0.0598607 0.868678 100.284 -0.000751462 0.997663 -0.0683237 -6.2792 -0.870738 0.0329452 0.490643 76.429
0.495271 0.0591893 0.86672 100.776 0.000952365 0.997639 -0.0686741 -6.31816 -0.868738 0.0348377 0.494045 76.7124
0.499208 0.0605617 0.864363 101.254 0.000659477 0.997528 -0.0702728 -6.35365 -0.866482 0.0356508 0.497934 76.9856
0.503366 0.0607944 0.861932 101.735 0.00288893 0.997398 -0.0720363 -6.39267 -0.864069 0.0387507 0.501881 77.2727
0.507833 0.0640949 0.859068 102.212 0.000594065 0.997202 -0.0747523 -6.43387 -0.861456 0.038472 0.506374 77.5729
0.51334 0.069855 0.855337 102.677 -0.00273809 0.99681 -0.0797657 -6.47214 -0.858181 0.038605 0.511894 77.8568
0.519453 0.0772773 0.850998 103.137 -0.00789399 0.996294 -0.0856528 -6.50468 -0.854463 0.0377748 0.518138 78.1431
0.525207 0.0832361 0.846894 103.599 -0.012833 0.995866 -0.0899192 -6.54926 -0.850878 0.036358 0.524104 78.4498
0.53115 0.0877931 0.842717 104.057 -0.0165201 0.995501 -0.0932976 -6.59466 -0.847117 0.0356332 0.530211 78.7635
0.537167 0.0881667 0.838856 104.524 -0.0209071 0.995608 -0.0912539 -6.63503 -0.843217 0.0314805 0.536651 79.0658
0.54243 0.0876962 0.835511 104.997 -0.0274082 0.995855 -0.086732 -6.67339 -0.839654 0.0241461 0.542585 79.3925
0.548088 0.0853348 0.832056 105.478 -0.0337009 0.996227 -0.0799727 -6.71667 -0.835742 0.015791 0.548896 79.7325
0.553748 0.0838744 0.828449 105.956 -0.0399906 0.996445 -0.0741525 -6.75681 -0.831723 0.00793167 0.555134 80.0745
0.559703 0.0816463 0.824661 106.445 -0.0426052 0.996654 -0.0697581 -6.80185 -0.827597 0.00390893 0.561309 80.4223
0.56598 0.0854061 0.819983 106.934 -0.0475364 0.996346 -0.070964 -6.83483 -0.823048 0.00118512 0.567971 80.7761
0.572193 0.0894621 0.815225 107.431 -0.0513138 0.99599 -0.0732828 -6.86909 -0.818512 9.96143e-05 0.574489 81.1377
0.578079 0.0927174 0.810696 107.935 -0.0540055 0.995692 -0.0753656 -6.9101 -0.814192 -0.00021477 0.580596 81.5167
0.58459 0.0951033 0.805736 108.451 -0.0564027 0.995467 -0.0765757 -6.94723 -0.809366 -0.00068026 0.587304 81.8975
0.590751 0.0958257 0.801143 108.974 -0.0590259 0.995395 -0.0755355 -6.98835 -0.804692 -0.0026655 0.593686 82.2989
0.597214 0.0986582 0.795991 109.505 -0.0654887 0.995091 -0.0742006 -7.02093 -0.799404 -0.00781476 0.600743 82.7135
0.604108 0.0962018 0.791075 110.046 -0.0654428 0.995323 -0.0710645 -7.06891 -0.794211 -0.00883953 0.607578 83.1433
0.611413 0.0943878 0.785662 110.588 -0.0657461 0.995487 -0.0684312 -7.10691 -0.788576 -0.0098145 0.614859 83.5793
0.618797 0.0944432 0.779853 111.132 -0.0663004 0.995483 -0.0679489 -7.15104 -0.782748 -0.00965802 0.622263 84.0247
0.626292 0.0965307 0.77359 111.68 -0.0703269 0.995254 -0.0672546 -7.19108 -0.77641 -0.0122832 0.630108 84.4841
0.633876 0.0977444 0.767233 112.246 -0.071211 0.995144 -0.0679465 -7.22047 -0.770149 -0.0115658 0.637759 84.9703
0.640705 0.0981288 0.761491 112.811 -0.0732928 0.995087 -0.0665637 -7.26527 -0.764281 -0.0131641 0.644749 85.4578
0.645852 0.0971535 0.757255 113.379 -0.0730566 0.995183 -0.0653699 -7.30832 -0.759959 -0.0131033 0.649839 85.9496
0.649392 0.0956784 0.754411 113.959 -0.071788 0.995336 -0.0644392 -7.35364 -0.757058 -0.0123114 0.653232 86.4638
0.653163 0.0930071 0.751484 114.541 -0.0678676 0.995624 -0.064235 -7.39352 -0.75417 -0.00904548 0.656617 86.971
0.656673 0.089262 0.748874 115.136 -0.0627122 0.995995 -0.0637265 -7.44219 -0.751564 -0.00511608 0.659641 87.4952
0.660705 0.0825373 0.746094 115.747 -0.0549565 0.996588 -0.0615816 -7.49664 -0.748631 -0.000315441 0.662986 88.0201
0.664436 0.0766596 0.743403 116.355 -0.0488474 0.997053 -0.0591573 -7.53828 -0.745747 0.00299296 0.666223 88.5601
0.667759 0.0709772 0.740986 116.97 -0.0431047 0.99746 -0.0566993 -7.58294 -0.743129 0.00592143 0.669122 89.1101
0.670816 0.0698514 0.738327 117.578 -0.0430233 0.997543 -0.0552858 -7.62204 -0.740375 0.00532132 0.672173 89.6769
0.673747 0.0715329 0.735492 118.181 -0.0437406 0.997419 -0.0569391 -7.66016 -0.737667 0.00619168 0.675137 90.2375
0.67652 0.076375 0.732453 118.785 -0.0494675 0.997074 -0.0582778 -7.69816 -0.734761 0.0031935 0.678319 90.8256
0.679269 0.0801084 0.729504 119.4 -0.0557812 0.996785 -0.057519 -7.73454 -0.731766 -0.00162172 0.681554 91.4253
0.682261 0.0766642 0.727078 120.014 -0.0554201 0.997049 -0.0531263 -7.77257 -0.729005 -0.00404876 0.684496 92.0127
0.685731 0.0740725 0.724076 120.64 -0.0584178 0.9972 -0.0466886 -7.80476 -0.725507 -0.0102831 0.688138 92.6135
0.689356 0.0681692 0.721208 121.27 -0.0572446 0.997576 -0.0395753 -7.8399 -0.722157 -0.0140038 0.691587 93.2236
0.693752 0.0644009 0.717329 121.889 -0.0555011 0.997813 -0.0359054 -7.87033 -0.718072 -0.0149031 0.695809 93.8324
0.698708 0.061778 0.712735 122.529 -0.0502178 0.998042 -0.0372782 -7.90294 -0.713642 -0.00974543 0.700442 94.4408
0.703662 0.0580893 0.708157 123.141 -0.0392311 0.998309 -0.0429081 -7.93936 -0.709451 0.00241102 0.70475 95.0494
0.708861 0.0597802 0.702811 123.754 -0.0335165 0.998131 -0.0510948 -7.97285 -0.704552 0.0126634 0.70954 95.6662
0.714397 0.059951 0.697168 124.372 -0.0302423 0.998037 -0.0548337 -8.00916 -0.699087 0.018089 0.714808 96.3017
0.720176 0.0557868 0.691545 124.987 -0.0279338 0.998285 -0.0514412 -8.04942 -0.693229 0.0177293 0.720499 96.9385
0.72599 0.0505449 0.685845 125.6 -0.0237553 0.998543 -0.0484442 -8.0948 -0.687294 0.0188776 0.726134 97.5908
0.731134 0.0470728 0.680608 126.205 -0.0186709 0.998624 -0.0490107 -8.13149 -0.681978 0.0231258 0.731007 98.2387
0.735727 0.048372 0.675548 126.816 -0.015845 0.998402 -0.0542332 -8.17562 -0.677092 0.0291967 0.735318 98.9039
0.739446 0.049644 0.671383 127.414 -0.0162788 0.998304 -0.0558884 -8.21167 -0.673019 0.0303971 0.739 99.567
0.742678 0.0466368 0.668023 128.026 -0.0138128 0.998427 -0.0543469 -8.25727 -0.669507 0.0311349 0.742153 100.244
0.745418 0.0406685 0.665356 128.63 -0.00994546 0.998705 -0.0499015 -8.30498 -0.666523 0.0305802 0.744857 100.909
0.74668 0.0367001 0.664171 129.237 -0.0068745 0.998849 -0.0474649 -8.34466 -0.665148 0.0308753 0.746073 101.592
0.747465 0.0313352 0.663561 129.851 -0.0024527 0.99901 -0.0444132 -8.38445 -0.664296 0.0315698 0.746802 102.282
0.747768 0.0308456 0.663244 130.457 -0.00250377 0.999044 -0.04364 -8.41655 -0.663956 0.0309719 0.74713 102.969
0.747223 0.0312619 0.663838 131.054 -0.00397208 0.999085 -0.0425787 -8.45412 -0.664561 0.0291789 0.746664 103.665
0.746751 0.0339574 0.664236 131.656 -0.00637207 0.999015 -0.0439086 -8.49375 -0.665073 0.0285562 0.746232 104.346
0.74543 0.0374206 0.665533 132.256 -0.00993769 0.998936 -0.045036 -8.52808 -0.66651 0.0269573 0.745009 105.046
0.743412 0.0413245 0.667555 132.857 -0.0134503 0.998811 -0.046852 -8.56237 -0.668698 0.0258515 0.743084 105.734
0.741606 0.0442321 0.669375 133.464 -0.0175177 0.998761 -0.0465898 -8.59589 -0.670606 0.0228254 0.741462 106.419
0.738965 0.0455898 0.6722 134.067 -0.0198974 0.99875 -0.0458633 -8.63479 -0.67345 0.0205164 0.738948 107.105
0.73721 0.0449463 0.674167 134.679 -0.0205072 0.998814 -0.0441654 -8.67101 -0.675353 0.0187339 0.737257 107.767
0.734589 0.0436398 0.677107 135.296 -0.0217242 0.998931 -0.0408129 -8.70798 -0.678164 0.0152711 0.734752 108.453
0.731915 0.0396897 0.680239 135.909 -0.0178191 0.999076 -0.0391199 -8.74858 -0.681163 0.0165112 0.731945 109.114
0.729248 0.0437824 0.682848 136.516 -0.0182003 0.998839 -0.0446059 -8.78482 -0.684008 0.0201007 0.729198 109.764
0.725603 0.0542289 0.685974 137.117 -0.0240503 0.998279 -0.0534782 -8.81936 -0.687693 0.022306 0.725658 110.423
0.722274 0.0608889 0.688921 137.727 -0.0270156 0.997841 -0.0598686 -8.86325 -0.691079 0.0246299 0.72236 111.077
0.718676 0.0594526 0.692799 138.345 -0.0287052 0.998025 -0.0558682 -8.90683 -0.694752 0.0202642 0.718964 111.725
0.714965 0.0582195 0.696732 138.965 -0.0321046 0.99821 -0.0504665 -8.94875 -0.698423 0.0137135 0.715554 112.373
0.711478 0.0568746 0.700403 139.58 -0.0343936 0.998343 -0.0461307 -8.98267 -0.701866 0.0087316 0.712255 113.004
0.708221 0.0564393 0.703731 140.199 -0.0335519 0.998364 -0.0463029 -9.02307 -0.705193 0.00918117 0.708956 113.639
0.705651 0.0546623 0.706448 140.832 -0.0315308 0.998455 -0.0457614 -9.0658 -0.707858 0.0100167 0.706284 114.261
0.702582 0.0539582 0.709554 141.45 -0.0279082 0.998443 -0.048293 -9.10823 -0.711055 0.0141274 0.702994 114.874
0.698949 0.0532412 0.713187 142.069 -0.0245428 0.998423 -0.050482 -9.14864 -0.71475 0.0177807 0.699154 115.489
0.695234 0.0536657 0.716777 142.7 -0.0215746 0.998318 -0.0538187 -9.19164 -0.718459 0.0219524 0.695222 116.104
0.691419 0.0542414 0.720415 143.336 -0.0223707 0.998307 -0.0536941 -9.23745 -0.722107 0.021009 0.691462 116.715
0.687302 0.0562158 0.724193 143.972 -0.0245762 0.99823 -0.0541637 -9.27358 -0.725956 0.0194289 0.687467 117.334
0.682618 0.0556012 0.728657 144.615 -0.0235494 0.998257 -0.0541119 -9.31613 -0.730396 0.0197783 0.682737 117.934
0.676981 0.0581571 0.733699 145.257 -0.0261001 0.998143 -0.0550359 -9.35687 -0.735538 0.0181087 0.677242 118.537
0.67102 0.0652932 0.738559 145.91 -0.029537 0.997678 -0.0613651 -9.39332 -0.740851 0.0193623 0.67139 119.143
0.664675 0.0709829 0.743753 146.563 -0.0326605 0.997285 -0.0659919 -9.43791 -0.746418 0.0195719 0.66519 119.741
0.658563 0.0734746 0.74893 147.231 -0.0325491 0.997072 -0.0691971 -9.48836 -0.751822 0.0211936 0.659026 120.339
0.651693 0.068198 0.755411 147.921 -0.0334024 0.997564 -0.0612432 -9.53465 -0.757747 0.0146792 0.652383 120.947
0.644983 0.0643763 0.761481 148.613 -0.0394721 0.997922 -0.050932 -9.58003 -0.763177 0.00279306 0.646184 121.549
0.637741 0.0599206 0.767917 149.311 -0.0393969 0.998202 -0.0451714 -9.62706 -0.769243 -0.0014459 0.638955 122.138
0.630783 0.0612787 0.773536 150.011 -0.0442582 0.998095 -0.0429775 -9.65593 -0.774696 -0.00712577 0.632294 122.716
0.622815 0.0631898 0.779813 150.709 -0.0435968 0.997987 -0.0460494 -9.6902 -0.781154 -0.00531714 0.624316 123.284
0.616228 0.0628201 0.785058 151.423 -0.0378706 0.998024 -0.0501352 -9.73361 -0.786657 0.00116413 0.61739 123.846
0.609239 0.0712279 0.789781 152.132 -0.0370637 0.997427 -0.0613638 -9.77784 -0.79212 0.00811307 0.610312 124.402
0.60213 0.0720663 0.795139 152.864 -0.0330913 0.997315 -0.0653314 -9.82659 -0.797712 0.0130258 0.602898 124.946
0.595261 0.0682352 0.80063 153.602 -0.0308196 0.997594 -0.0621077 -9.88357 -0.802941 0.0122952 0.595931 125.491
0.588121 0.0622424 0.806375 154.331 -0.0266671 0.997985 -0.057583 -9.93584 -0.808333 0.0123621 0.588595 126.026
0.580968 0.0616339 0.811589 155.066 -0.0267031 0.998035 -0.0566779 -9.98744 -0.813488 0.0112561 0.581473 126.562
0.574311 0.0630957 0.816202 155.798 -0.0275036 0.99795 -0.0577929 -10.0251 -0.818175 0.0107426 0.574868 127.079
0.568206 0.0609234 0.820628 156.528 -0.0232582 0.998046 -0.0579908 -10.0797 -0.822558 0.0138644 0.568512 127.591
0.563569 0.0546759 0.824258 157.263 -0.0178626 0.99838 -0.0540129 -10.1312 -0.825876 0.0157166 0.563633 128.08
0.558671 0.0521234 0.82775 157.988 -0.0175601 0.998543 -0.0510265 -10.1798 -0.829203 0.0139716 0.558772 128.57
0.554129 0.0514631 0.830838 158.692 -0.0196902 0.998618 -0.0487231 -10.2227 -0.832198 0.0106395 0.554377 129.05
0.549343 0.0533237 0.833894 159.39 -0.020192 0.998517 -0.0505488 -10.271 -0.835353 0.0109306 0.549605 129.519
0.545623 0.0562379 0.836142 160.095 -0.0191659 0.998322 -0.0546393 -10.3116 -0.837812 0.013787 0.545785 129.986
0.542743 0.0618579 0.837618 160.786 -0.0197404 0.997948 -0.0609073 -10.3575 -0.839667 0.0165221 0.542851 130.43
0.539498 0.0646325 0.839503 161.472 -0.0222475 0.997796 -0.0625222 -10.4042 -0.841693 0.0150538 0.539746 130.876
0.536924 0.0599969 0.841494 162.166 -0.0218293 0.998122 -0.0572357 -10.4491 -0.843348 0.0123621 0.537226 131.323
