1 0 0 0 0 1 0 0 0 0 1 0
0.999862 -0.00519802 0.0157723 -58.4929 0.00518833 0.999986 0.000655123 -3.31664 -0.0157755 -0.000573193 0.999875 110.052
0.999814 -0.00626701 0.0182415 -68.1694 0.00618421 0.99997 0.00459139 -2.68979 -0.0182697 -0.00447771 0.999823 218.048
0.999774 -0.00976828 0.0188902 -77.2084 0.00955657 0.999891 0.0112644 -4.30555 -0.0189982 -0.0110813 0.999758 329.703
0.999731 -0.0140872 0.0184507 -82.0994 0.0138764 0.999838 0.0115031 -3.39147 -0.0186098 -0.011244 0.999764 446.877
0.999708 -0.0160921 0.0180041 -83.785 0.0159466 0.999839 0.00819358 -1.71895 -0.0181331 -0.00790407 0.999804 554.143
0.999654 -0.0183018 0.0188808 -84.9611 0.018222 0.999824 0.00438621 0.0522964 -0.0189578 -0.00404066 0.999812 664.927
0.999658 -0.0177659 0.0191799 -86.7317 0.0176868 0.999834 0.00428572 -0.47921 -0.0192529 -0.003945 0.999807 767.046
0.999659 -0.0179653 0.018968 -98.7187 0.0178597 0.999824 0.00572316 0.879742 -0.0190675 -0.00538245 0.999804 884.105
0.999623 -0.0188861 0.0199519 -102.118 0.0187119 0.999785 0.00887961 1.37535 -0.0201153 -0.00850295 0.999762 980.145
0.999598 -0.0204052 0.0196667 -105.777 0.0202048 0.999742 0.0103359 2.2892 -0.0198726 -0.00993439 0.999753 1084.51
0.999533 -0.0223946 0.0207706 -110.137 0.0221662 0.999692 0.0111637 3.41967 -0.0210142 -0.0106981 0.999722 1182.29
0.999538 -0.022469 0.0204654 -111.188 0.0222386 0.999687 0.0114168 4.19516 -0.0207155 -0.0109565 0.999725 1279.99
0.999507 -0.0226788 0.0217009 -119.175 0.0224745 0.999701 0.00961015 5.53496 -0.0219124 -0.00911768 0.999718 1378.59
0.999458 -0.024323 0.0221765 -128.572 0.0241638 0.999681 0.00741758 7.98891 -0.0223498 -0.00687771 0.999727 1476.83
0.999452 -0.0259727 0.0205247 -130.07 0.0258711 0.999652 0.00520324 10.8563 -0.0206527 -0.00466937 0.999776 1587.24
0.999487 -0.0260078 0.0186928 -127.92 0.0259208 0.999652 0.00487969 10.6591 -0.0188132 -0.00439265 0.999813 1687.09
0.999508 -0.0253163 0.0184931 -130.154 0.0252415 0.999672 0.00426797 10.9992 -0.0185951 -0.00379906 0.99982 1782.94
0.999543 -0.024787 0.0172995 -135.455 0.0247165 0.999685 0.00427837 11.5272 -0.0174001 -0.00384882 0.999841 1878.23
0.999453 -0.0269863 0.0191205 -142.466 0.0268838 0.999623 0.00559687 10.7614 -0.0192643 -0.00507975 0.999802 1982.53
0.99942 -0.0267995 0.0209976 -151.713 0.0266698 0.999624 0.00643263 12.2076 -0.0211621 -0.00586887 0.999759 2083.88
0.999433 -0.0264361 0.020856 -152.108 0.0262858 0.999627 0.00745093 11.8087 -0.0210451 -0.00689849 0.999755 2181.75
0.999406 -0.0290402 0.018536 -149.444 0.0288917 0.999549 0.0082273 11.9345 -0.0187665 -0.00768687 0.999794 2276.88
0.999408 -0.0292915 0.0180746 -162.38 0.0291799 0.999554 0.00640785 14.3126 -0.0182542 -0.00587665 0.999816 2362.49
0.999394 -0.0299114 0.0178051 -169.936 0.029786 0.99953 0.00726776 13.9627 -0.0180141 -0.00673301 0.999815 2470.68
0.999343 -0.0308417 0.0190436 -179.189 0.0306768 0.99949 0.00889279 15.1826 -0.0193082 -0.00830278 0.999779 2571.35
0.99921 -0.0344698 0.0197908 -185.435 0.0342453 0.999346 0.0115698 16.9841 -0.0201767 -0.0108829 0.999737 2662.55
0.99924 -0.0334206 0.0200463 -187.764 0.0331429 0.999352 0.0140302 16.1475 -0.0205022 -0.0133551 0.999701 2769.06
0.99925 -0.0328924 0.0204335 -188.773 0.0326361 0.999386 0.0127511 17.4085 -0.0208404 -0.0120746 0.99971 2859.67
0.999298 -0.0315546 0.0201704 -194.312 0.0313632 0.999461 0.0097367 18.2261 -0.0204668 -0.00909724 0.999749 2950.53
0.999301 -0.0300305 0.0222544 -199.072 0.0298526 0.99952 0.00828795 19.3005 -0.0224926 -0.00761784 0.999718 3050.68
0.999283 -0.0300147 0.0230752 -204.326 0.029835 0.999522 0.00809305 19.5351 -0.023307 -0.00739877 0.999701 3140.99
0.999241 -0.0315935 0.0227689 -215.941 0.0314251 0.999476 0.00771585 19.2072 -0.0230007 -0.00699446 0.999711 3228.98
0.999261 -0.0314158 0.0221633 -222.606 0.0312675 0.999487 0.00700833 19.3716 -0.0223721 -0.00631018 0.99973 3331.04
0.999231 -0.0316037 0.0232243 -231.069 0.0314511 0.999481 0.00690483 19.641 -0.0234304 -0.00616906 0.999706 3428.49
0.999209 -0.0317466 0.0239425 -245.452 0.0315382 0.999462 0.00903006 17.1433 -0.0242163 -0.00826782 0.999673 3508.76
0.999238 -0.0323901 0.0217614 -249.478 0.0321408 0.999415 0.0117064 16.6041 -0.0221278 -0.010998 0.999695 3603.81
0.999235 -0.0320946 0.0223377 -258.268 0.0317963 0.999402 0.013586 15.8952 -0.0227604 -0.0128654 0.999658 3688.45
0.999278 -0.0315665 0.0211272 -259.137 0.0312838 0.999418 0.0135797 17.4128 -0.0215436 -0.0129089 0.999685 3775.88
0.999358 -0.0286172 0.0215663 -267.475 0.0283547 0.999521 0.012383 18.9108 -0.0219103 -0.0117636 0.999691 3872.9
0.999366 -0.0278955 0.0221201 -275.837 0.0276286 0.999543 0.0122833 18.1826 -0.0224527 -0.0116643 0.99968 3957.01
0.999374 -0.0277163 0.0219991 -283.51 0.0274189 0.99953 0.0137088 17.9395 -0.0223687 -0.013097 0.999664 4039.07
0.999282 -0.0251195 0.0283531 -316.155 0.0247082 0.999586 0.0147677 21.3581 -0.0287123 -0.0140565 0.999489 4142.31
0.999327 -0.0228833 0.0286521 -315.979 0.022431 0.99962 0.0160113 19.5125 -0.0290076 -0.0153579 0.999461 4219.53
0.999377 -0.0201026 0.029007 -314.001 0.0197006 0.999707 0.0140784 19.7085 -0.0292816 -0.0134982 0.99948 4290.19
0.99931 -0.016501 0.0332798 -321.51 0.0161486 0.999811 0.0108278 20.8804 -0.0334522 -0.0102829 0.999387 4377.52
0.999252 -0.0151521 0.035571 -317.797 0.0148653 0.999855 0.00831273 24.3449 -0.0356918 -0.00777773 0.999333 4466.02
0.999126 -0.0144552 0.0392224 -315.987 0.0140783 0.999852 0.00986844 22.8942 -0.0393592 -0.00930762 0.999182 4541.78
0.998998 -0.0103198 0.0435425 -328.38 0.00979961 0.999878 0.0121432 23.815 -0.0436625 -0.0117044 0.998978 4618.03
0.998748 -0.00645226 0.0496059 -331.526 0.00566917 0.999857 0.0159105 24.3585 -0.0497015 -0.0156093 0.998642 4705.99
0.998557 -0.000919608 0.0537013 -330.583 -4.41482e-05 0.999839 0.0179428 21.3055 -0.0537092 -0.0179192 0.998396 4772.33
0.99824 0.00217544 0.0592703 -330.879 -0.00324705 0.999833 0.01799 23.653 -0.0592213 -0.0181508 0.99808 4853.19
0.997754 0.00614475 0.0667062 -331.842 -0.00744048 0.999788 0.0191932 26.6801 -0.0665742 -0.0196465 0.997588 4924.86
0.997344 0.0100326 0.0721388 -326.767 -0.0115758 0.999712 0.021006 24.8766 -0.0719073 -0.0217853 0.997173 4973.02
0.996433 0.0139297 0.0832277 -335.632 -0.0157437 0.999652 0.021179 23.9623 -0.0829038 -0.0224137 0.996305 5039.46
0.995866 0.0179004 0.0890533 -328.624 -0.0199253 0.999562 0.0219014 23.1847 -0.0886222 -0.0235852 0.995786 5097.93
0.995104 0.0214915 0.096473 -325.305 -0.0236398 0.999496 0.0211807 24.8258 -0.0959692 -0.0233576 0.99511 5167.44
0.994061 0.0264798 0.105553 -320.833 -0.0286743 0.999402 0.0193268 23.9286 -0.104978 -0.0222387 0.994226 5222.19
0.993277 0.0290259 0.112067 -316.07 -0.0310948 0.999376 0.0167575 24.0807 -0.11151 -0.0201295 0.993559 5273.98
0.992008 0.0296493 0.122642 -317.901 -0.0318344 0.999367 0.0158959 26.9249 -0.122093 -0.0196731 0.992324 5338.66
0.991545 0.0281006 0.126682 -293.53 -0.0305778 0.999377 0.0176515 26.3719 -0.126107 -0.0213759 0.991786 5389.49
0.990579 0.0299763 0.133621 -283.017 -0.0327484 0.999291 0.0185965 27.2477 -0.132969 -0.0227972 0.990858 5436.73
0.988104 0.0324462 0.150323 -318.681 -0.0356488 0.99919 0.0186588 28.6295 -0.149596 -0.0237956 0.988461 5487.19
0.986712 0.0376299 0.15806 -308.276 -0.0410248 0.998991 0.01827 28.3879 -0.157213 -0.0245116 0.98726 5528.13
0.985333 0.0416308 0.165485 -294.305 -0.04546 0.998777 0.0194176 24.8983 -0.164475 -0.0266558 0.986021 5551.35
0.98357 0.040525 0.175922 -287.54 -0.0446985 0.998804 0.0198245 27.2801 -0.174908 -0.0273622 0.984204 5599.69
0.981977 0.0395768 0.184811 -273.874 -0.043765 0.998868 0.0186363 25.2893 -0.183865 -0.0263886 0.982597 5626.77
0.979173 0.0385384 0.199336 -282.548 -0.0422425 0.999004 0.0143611 26.5231 -0.198584 -0.0224824 0.979826 5663.13
0.976078 0.0396573 0.213774 -285.62 -0.0428891 0.999025 0.0104992 26.9318 -0.213149 -0.0194166 0.976827 5698.5
0.972629 0.0413601 0.228653 -275.08 -0.0444588 0.998976 0.00841519 27.055 -0.228071 -0.0183505 0.973472 5733.03
0.968585 0.042659 0.244995 -264.805 -0.0457472 0.998929 0.00692556 28.5023 -0.244437 -0.0179158 0.9695 5765.88
0.964626 0.0432288 0.260054 -247.585 -0.0465262 0.998896 0.00653428 27.1176 -0.259484 -0.0184024 0.965572 5796.91
0.959515 0.0423175 0.278461 -238.76 -0.0455977 0.998946 0.00531052 27.9977 -0.277943 -0.0177927 0.960433 5833.39
0.953314 0.0417127 0.299087 -236.98 -0.0454304 0.998952 0.00548492 28.0748 -0.298545 -0.0188165 0.95421 5866.43
0.94725 0.0416395 0.31778 -222.734 -0.045683 0.998942 0.00527955 25.629 -0.317224 -0.0195182 0.94815 5892.18
0.940067 0.0443819 0.33809 -204.583 -0.0483912 0.998823 0.00343519 25.2755 -0.337539 -0.0195899 0.941108 5925.58
0.930995 0.0451045 0.362236 -197.109 -0.0490261 0.998796 0.00163662 25.6181 -0.361726 -0.0192827 0.932085 5961.34
0.920164 0.046885 0.388715 -201.906 -0.0511884 0.998689 0.000715741 26.7948 -0.388171 -0.0205563 0.921358 5997.6
0.910148 0.0496406 0.411298 -172.644 -0.0546232 0.998507 0.000361576 25.9029 -0.410666 -0.0227955 0.911501 6027.39
0.896863 0.0513193 0.439321 -160.995 -0.0569202 0.998379 -0.000424569 25.1173 -0.43863 -0.0246254 0.89833 6060.41
0.882331 0.0517228 0.467778 -154.966 -0.057852 0.998324 -0.00126454 24.6008 -0.467059 -0.0259462 0.883845 6093.73
0.866766 0.0498307 0.496219 -130.57 -0.0557823 0.998439 -0.00282682 23.9702 -0.495585 -0.02523 0.868193 6125.21
0.848528 0.047368 0.527026 -110.265 -0.0526098 0.998602 -0.00504908 23.2614 -0.526529 -0.0234425 0.849834 6152.66
0.828185 0.0466664 0.558509 -80.3123 -0.0502294 0.998697 -0.00896374 23.1165 -0.5582 -0.02063 0.82945 6177.33
0.804004 0.0484718 0.592645 -74.4276 -0.0503636 0.998642 -0.0133528 22.656 -0.592487 -0.019112 0.805353 6212.5
0.779019 0.050812 0.624938 -40.2085 -0.0509441 0.998545 -0.0176844 22.8403 -0.624927 -0.0180604 0.780474 6239.2
0.749698 0.0531523 0.659642 -22.479 -0.0525556 0.998403 -0.0207183 21.1091 -0.65969 -0.0191354 0.751294 6268.4
0.719149 0.0570642 0.692509 11.3089 -0.0568174 0.998114 -0.0232435 19.9272 -0.692529 -0.022631 0.721035 6291.75
0.684536 0.0599055 0.726513 36.4943 -0.0601907 0.997859 -0.0255667 18.4034 -0.72649 -0.026228 0.686677 6327.48
0.650024 0.061252 0.757441 83.3754 -0.0615845 0.997714 -0.0278313 17.0352 -0.757414 -0.0285556 0.652311 6344.21
0.606535 0.0562378 0.793066 101.949 -0.057137 0.997999 -0.0270717 12.3336 -0.793001 -0.0288935 0.608534 6379.81
0.564046 0.0536277 0.824 136.388 -0.0546052 0.998127 -0.0275819 8.90598 -0.823936 -0.0294372 0.565918 6395.95
0.516824 0.0520106 0.85451 182.263 -0.0531142 0.998178 -0.0286306 6.1845 -0.854442 -0.0305896 0.518645 6415.87
0.463968 0.0517673 0.884338 222.892 -0.0509775 0.998197 -0.031687 5.38988 -0.884384 -0.0303796 0.465771 6457.26
0.412171 0.049363 0.909768 276.401 -0.0482485 0.998313 -0.0323083 2.56311 -0.909828 -0.0305784 0.413858 6479.97
0.358036 0.0475917 0.932494 328.956 -0.0472799 0.998343 -0.0327991 2.52014 -0.93251 -0.032345 0.359693 6500.15
0.298622 0.0430543 0.9534 376.031 -0.0475152 0.998414 -0.0302044 -2.21044 -0.953188 -0.0362813 0.300194 6531.8
0.244919 0.0423478 0.968618 443.687 -0.0519051 0.998186 -0.0305161 -2.18707 -0.968153 -0.0428022 0.246673 6547.67
0.192977 0.0425642 0.98028 506.819 -0.0495943 0.998205 -0.0335795 -2.23698 -0.979949 -0.0421362 0.194741 6561.35
0.140778 0.0392084 0.989264 573.867 -0.0404731 0.998608 -0.0338192 -6.55632 -0.989214 -0.0352776 0.142169 6579.83
0.0939506 0.0349677 0.994963 640.069 -0.0286296 0.999065 -0.0324085 -6.94058 -0.995165 -0.0254406 0.0948639 6590.25
0.0509016 0.0345855 0.998105 708.946 -0.0204325 0.999227 -0.0335824 -9.00037 -0.998495 -0.0186844 0.0515689 6591.83
0.0118281 0.0358114 0.999289 775.656 -0.0188102 0.99919 -0.0355852 -11.148 -0.999753 -0.0183759 0.0124921 6590.58
-0.022171 0.0375933 0.999047 847.288 -0.0110729 0.999222 -0.0378456 -12.5119 -0.999693 -0.0119015 -0.0217375 6589.76
-0.0520597 0.0366214 0.997972 918.826 -0.0039295 0.999312 -0.0368756 -14.8093 -0.998636 -0.00584126 -0.05188 6590.73
-0.0777355 0.0351132 0.996355 987.069 0.00191905 0.999383 -0.0350702 -17.8553 -0.996972 -0.000814142 -0.0777549 6585.68
-0.0969389 0.0348239 0.994681 1048.57 0.00560698 0.999391 -0.0344423 -18.9229 -0.995275 0.00223835 -0.0970751 6571.01
-0.113767 0.037101 0.992814 1130.25 0.00856364 0.999302 -0.0363621 -19.4319 -0.993471 0.0043653 -0.114005 6568.17
-0.127227 0.0369134 0.991186 1201.17 0.00841075 0.999312 -0.0361364 -22.1012 -0.991838 0.00373907 -0.12745 6558.18
-0.138407 0.037915 0.989649 1278.68 0.00915454 0.999273 -0.0370034 -24.2424 -0.990333 0.00393825 -0.138654 6548.58
-0.147014 0.0412259 0.988275 1342.71 0.0136299 0.999121 -0.0396507 -26.6219 -0.98904 0.00764086 -0.147447 6532.65
-0.153716 0.0432697 0.987167 1422.33 0.0172857 0.999006 -0.041097 -28.9283 -0.987964 0.0107467 -0.154311 6522.64
-0.158572 0.0431798 0.986403 1498.48 0.0172469 0.999012 -0.0409592 -29.9292 -0.987197 0.0105174 -0.15916 6510.83
-0.162291 0.0401424 0.985926 1566.41 0.0159062 0.999149 -0.0380625 -32.1196 -0.986615 0.00950508 -0.162791 6500.89
-0.164191 0.032933 0.985879 1652.58 0.0138668 0.999421 -0.0310759 -35.1129 -0.986331 0.00856865 -0.164552 6488.08
-0.165906 0.0276513 0.985754 1730.26 0.0144531 0.999568 -0.0256062 -36.5905 -0.986036 0.00999896 -0.166233 6474.68
-0.166595 0.0251333 0.985705 1813.23 0.0174925 0.999593 -0.0225309 -39.0955 -0.98587 0.0134889 -0.166967 6458.33
-0.166375 0.0276017 0.985676 1883.86 0.020285 0.999493 -0.0245646 -41.1116 -0.985854 0.0159075 -0.16685 6446.66
-0.165452 0.0355018 0.985579 1975.34 0.0210133 0.999252 -0.0324667 -41.6969 -0.985994 0.0153386 -0.166075 6433.15
-0.163748 0.0437526 0.985532 2061.81 0.0225213 0.998921 -0.0406051 -43.1541 -0.986245 0.0155464 -0.164556 6420.86
-0.16118 0.0443919 0.985926 2149.11 0.023496 0.998877 -0.0411339 -45.5245 -0.986645 0.0165353 -0.162042 6405.8
-0.159105 0.039957 0.986453 2237.6 0.0225773 0.999067 -0.0368264 -48.2545 -0.987004 0.0164122 -0.159858 6392.41
-0.15674 0.0336909 0.987065 2312.23 0.0217893 0.999293 -0.0306483 -50.8127 -0.987399 0.0167036 -0.157363 6383.83
-0.153955 0.0314603 0.987577 2410.36 0.0200544 0.999387 -0.0287102 -54.9968 -0.987874 0.0153851 -0.154492 6369.08
-0.150803 0.0376161 0.987848 2501.94 0.0277979 0.999042 -0.0337988 -57.8271 -0.988173 0.0223631 -0.151704 6359
-0.147723 0.0435454 0.98807 2589.64 0.0297342 0.998774 -0.0395717 -59.5691 -0.988582 0.0235338 -0.148836 6342.58
-0.145469 0.0438661 0.98839 2680.79 0.0238743 0.998881 -0.0408179 -61.8379 -0.989075 0.0176593 -0.146353 6334.21
-0.140983 0.0403171 0.989191 2758.87 0.0200237 0.999082 -0.0378664 -62.7944 -0.98981 0.0144687 -0.141661 6315.29
-0.137646 0.0362 0.98982 2850.77 0.0227506 0.999184 -0.0333788 -68.2686 -0.99022 0.0179245 -0.138357 6306.26
-0.134142 0.0383451 0.99022 2939.64 0.027629 0.999007 -0.0349426 -69.9725 -0.990577 0.0226715 -0.135069 6293.96
-0.131088 0.0433033 0.990425 3027.27 0.0278356 0.998812 -0.0399859 -72.1293 -0.99098 0.0223274 -0.132137 6281.87
-0.126971 0.0434381 0.990955 3103.83 0.0244238 0.998875 -0.0406559 -74.6939 -0.991606 0.0190408 -0.127889 6274.14
-0.123426 0.0429751 0.991423 3197.28 0.0237098 0.998904 -0.0403477 -78.0613 -0.99207 0.0185265 -0.12431 6262.68
-0.119615 0.0402661 0.992004 3286.46 0.0275828 0.998926 -0.0372212 -81.1886 -0.992437 0.02291 -0.120597 6252.97
-0.116499 0.0412404 0.992334 3370.45 0.0326635 0.998756 -0.0376726 -85.1935 -0.992654 0.0280243 -0.117702 6240.45
-0.112573 0.0431158 0.992707 3451.16 0.0355845 0.998592 -0.0393361 -86.1367 -0.993006 0.0308968 -0.113949 6230.61
-0.110567 0.0431135 0.992933 3544.86 0.0358038 0.998583 -0.0393719 -89.7282 -0.993223 0.0311976 -0.111954 6225.04
-0.108069 0.0408075 0.993306 3634.33 0.0376537 0.998608 -0.0369287 -95.0003 -0.99343 0.0334108 -0.109455 6221.55
-0.104156 0.0406337 0.993731 3720.15 0.0394644 0.998547 -0.0366943 -97.1357 -0.993778 0.0353951 -0.105608 6207.84
-0.101005 0.0408324 0.994048 3802.67 0.0370468 0.998619 -0.0372558 -99.4687 -0.994196 0.0330633 -0.102379 6194.99
-0.0978897 0.0423098 0.994298 3880.23 0.0344187 0.998642 -0.0391061 -101.298 -0.994602 0.0303943 -0.099213 6189.72
-0.0947466 0.0426499 0.994587 3978.28 0.0362138 0.998568 -0.0393708 -104.307 -0.994843 0.0322875 -0.0961555 6181.66
-0.0927208 0.0420181 0.994805 4068.13 0.0339226 0.998663 -0.0390193 -108.088 -0.995114 0.0301284 -0.0940222 6173.67
-0.0897644 0.0420184 0.995076 4156.97 0.031833 0.99872 -0.0393007 -111.034 -0.995454 0.0281484 -0.0909871 6167.37
-0.0872462 0.041538 0.99532 4252.02 0.0290275 0.998812 -0.0391393 -115.573 -0.995764 0.0254769 -0.0883483 6164.7
-0.0842786 0.0437606 0.995481 4324.89 0.026767 0.998774 -0.0416392 -117.233 -0.996083 0.0231368 -0.0853467 6153.75
-0.0811847 0.0463722 0.99562 4422.78 0.0250547 0.998696 -0.0444725 -122.185 -0.996384 0.0213345 -0.0822407 6147.7
-0.0779164 0.0490942 0.99575 4521.19 0.0256581 0.998555 -0.0472248 -125.584 -0.99663 0.0218694 -0.0790635 6143.39
-0.07508 0.0506138 0.995892 4615.67 0.0193752 0.998596 -0.0492905 -129.12 -0.996989 0.0155948 -0.0759553 6136.86
-0.0728056 0.0488904 0.996147 4695.98 0.0144882 0.998744 -0.0479589 -133.608 -0.997241 0.0109407 -0.0734225 6138.53
-0.0700854 0.0501209 0.996281 4804.89 0.0167731 0.998655 -0.0490604 -137.247 -0.9974 0.0132723 -0.0708318 6132.36
-0.0664314 0.0509834 0.996488 4896.31 0.0148293 0.998634 -0.0501046 -141.693 -0.997681 0.0114487 -0.0670967 6125.46
-0.0626771 0.0515676 0.996701 4995.4 0.010452 0.998643 -0.0510109 -145.322 -0.997979 0.00722027 -0.063131 6123.66
-0.0598936 0.0495748 0.996973 5084.16 0.00889038 0.998753 -0.0491292 -149.277 -0.998165 0.00592094 -0.0602596 6122.63
-0.0534786 0.0492854 0.997352 5168.91 0.00899195 0.998765 -0.048873 -154.424 -0.998528 0.00635448 -0.0538557 6116.85
-0.0492879 0.0527532 0.99739 5274.11 0.00500521 0.998605 -0.0525701 -158.415 -0.998772 0.00240108 -0.0494832 6114.36
-0.0464289 0.0608729 0.997065 5369.14 0.00361631 0.998145 -0.0607704 -164.014 -0.998915 0.000784198 -0.0465629 6126.31
-0.0384568 0.0650333 0.997142 5457.9 0.00268461 0.997883 -0.0649782 -169.664 -0.999257 0.000178091 -0.03855 6121.09
-0.0318622 0.0675006 0.99721 5547.75 -0.00200941 0.997711 -0.0675986 -175.149 -0.99949 -0.00415765 -0.0316537 6126.35
-0.025073 0.0650285 0.997568 5622.84 -0.00719454 0.997844 -0.0652273 -180.872 -0.99966 -0.00881248 -0.0245511 6133.67
-0.0183007 0.063239 0.997831 5725.56 -0.0066057 0.997968 -0.0633689 -187.288 -0.999811 -0.00775106 -0.0178458 6137.14
-0.0135769 0.0602345 0.998092 5824.65 -0.00690565 0.998154 -0.0603322 -191.604 -0.999884 -0.00771159 -0.0131359 6143.46
-0.00789578 0.0540333 0.998508 5919.39 -0.00898894 0.998495 -0.0541036 -197.576 -0.999928 -0.00940272 -0.00739819 6153.54
-0.00113568 0.0456883 0.998955 6012.12 -0.011977 0.998883 -0.0456986 -203.251 -0.999928 -0.0120164 -0.000587203 6158.43
0.00609862 0.0429093 0.99906 6105.29 -0.0112643 0.999018 -0.0428387 -207.39 -0.999918 -0.0109924 0.00657597 6161.83
0.0133148 0.0446564 0.998914 6179.31 -0.0137041 0.998917 -0.0444739 -212 -0.999817 -0.0130971 0.0139123 6169.83
0.0152021 0.0518393 0.99854 6283.62 -0.0129857 0.998581 -0.0516437 -215.979 -0.9998 -0.0121816 0.0158537 6180.06
0.0197942 0.0560511 0.998232 6384.07 -0.0145538 0.998338 -0.0557685 -218.818 -0.999698 -0.0134242 0.020577 6193.89
0.0242909 0.0585965 0.997986 6469.36 -0.0171248 0.998159 -0.0581898 -224.587 -0.999558 -0.0156768 0.0252496 6196.95
0.0282425 0.0578977 0.997923 6562.66 -0.0197704 0.998158 -0.0573518 -229.599 -0.999406 -0.0181096 0.0293352 6208.4
0.0327962 0.0545682 0.997971 6645.9 -0.0155313 0.998416 -0.0540821 -235.78 -0.999341 -0.0137261 0.0335917 6220.34
0.0367964 0.0489682 0.998122 6747.14 -0.0148867 0.998715 -0.0484485 -238.096 -0.999212 -0.0130761 0.037478 6225.98
0.039753 0.0421162 0.998322 6835.45 -0.0161076 0.999009 -0.0415038 -242.47 -0.99908 -0.0144306 0.040392 6232.42
0.0429729 0.0385558 0.998332 6920.78 -0.0201818 0.999085 -0.0377161 -246.245 -0.998872 -0.0185274 0.0437117 6239.28
0.0466815 0.0384841 0.998168 7001.5 -0.0215565 0.999064 -0.0375105 -249.223 -0.998677 -0.019766 0.0474674 6242.79
0.0468211 0.0398099 0.99811 7062.93 -0.0218075 0.999008 -0.0388227 -252.211 -0.998665 -0.0199485 0.0476428 6260.33
0.0482569 0.0439818 0.997866 7160.19 -0.0271174 0.99872 -0.042708 -255.681 -0.998467 -0.0249986 0.0493878 6270.28
0.0501769 0.0477265 0.997599 7242.02 -0.0270154 0.998557 -0.0464135 -259.529 -0.998375 -0.0246216 0.0513938 6275.13
0.0514915 0.0526665 0.997284 7325.94 -0.0275905 0.998303 -0.0512957 -263.601 -0.998292 -0.0248743 0.0528572 6283.96
0.0533587 0.0550256 0.997058 7403.5 -0.0268877 0.998198 -0.0536496 -267.127 -0.998213 -0.0239459 0.0547421 6289.38
0.0549606 0.0548812 0.996979 7483.46 -0.0293452 0.998146 -0.0533277 -270.846 -0.998057 -0.0263256 0.0564692 6299.23
0.055458 0.0506197 0.997177 7539.84 -0.027295 0.998418 -0.0491646 -275.721 -0.998088 -0.0244914 0.0567519 6301.2
0.0557906 0.0485114 0.997263 7633.45 -0.0279413 0.998504 -0.0470086 -279.703 -0.998051 -0.0252422 0.0570626 6308.83
0.0557235 0.0473441 0.997323 7714 -0.0269713 0.998582 -0.0458969 -283.228 -0.998082 -0.0243415 0.0569214 6313.1
0.0545215 0.0466687 0.997421 7794.82 -0.0260782 0.998633 -0.0452999 -286.205 -0.998172 -0.0235412 0.055664 6318.51
0.0519454 0.0472871 0.99753 7869.92 -0.0285223 0.998541 -0.0458498 -290.397 -0.998242 -0.0260701 0.0532183 6325.92
0.0498033 0.0503553 0.997489 7938.73 -0.0294713 0.998367 -0.0489282 -293.411 -0.998324 -0.0269605 0.051206 6327.89
0.0477598 0.0543109 0.997381 7998.17 -0.0268342 0.99823 -0.0530721 -296.741 -0.998498 -0.0242292 0.0491327 6336.04
0.0458496 0.0554518 0.997408 8082.23 -0.0256586 0.998194 -0.054316 -300.456 -0.998619 -0.0231017 0.0471896 6340.55
0.0432406 0.0539445 0.997607 8150.15 -0.0253848 0.998278 -0.0528805 -303.725 -0.998742 -0.0230375 0.0445356 6343.12
0.0405142 0.0507271 0.99789 8219.22 -0.0267425 0.998408 -0.0496676 -307.491 -0.998821 -0.0246738 0.0418063 6350.29
0.039188 0.0466244 0.998143 8268.63 -0.0270658 0.998594 -0.0455828 -311.311 -0.998865 -0.0252293 0.0403949 6348.76
0.0370366 0.0459485 0.998257 8342.42 -0.0232514 0.998712 -0.0451068 -315.578 -0.999043 -0.0215402 0.0380573 6349.59
0.0343786 0.0480135 0.998255 8409.55 -0.0197453 0.998683 -0.047354 -318.108 -0.999214 -0.0180829 0.0352813 6356.53
0.0319749 0.0511024 0.998181 8475.18 -0.0161825 0.998588 -0.0506048 -320.339 -0.999358 -0.014535 0.0327567 6354.64
0.0294525 0.0534985 0.998133 8542.18 -0.0164971 0.998457 -0.0530291 -321.787 -0.99943 -0.0149044 0.0302896 6359.52
0.0300362 0.055596 0.998002 8596.77 -0.0161392 0.998349 -0.0551296 -325.41 -0.999419 -0.0144511 0.0308838 6358.26
0.0280017 0.0538121 0.998158 8667.31 -0.0143856 0.998468 -0.0534253 -329.699 -0.999504 -0.0128631 0.0287329 6360.53
0.0288971 0.0535356 0.998148 8731.27 -0.00873301 0.99854 -0.0533039 -332.172 -0.999544 -0.00717651 0.0293225 6359.39
0.0298315 0.0524106 0.99818 8795.77 -0.00405623 0.998623 -0.0523127 -334.714 -0.999547 -0.00248828 0.030003 6364.13
0.0322463 0.0523796 0.998106 8865.73 -0.000728901 0.998627 -0.0523834 -336.922 -0.99948 0.000961648 0.0322402 6367.36
0.034778 0.0519411 0.998044 8929.42 -0.00326261 0.998649 -0.0518589 -340.077 -0.99939 -0.00145269 0.0349005 6376.42
0.0400005 0.0526417 0.997812 8993.2 -0.00446174 0.998611 -0.052505 -343.06 -0.99919 -0.00235175 0.0401798 6378.17
0.0463623 0.0516491 0.997589 9042.88 -0.00322529 0.998665 -0.0515549 -345.395 -0.998919 -0.000827314 0.046467 6386.52
0.0541478 0.051475 0.997205 9113.93 -0.00510875 0.998672 -0.0512733 -349.041 -0.99852 -0.00231814 0.0543389 6395.59
0.0625502 0.0499803 0.99679 9188.64 -0.00389931 0.99875 -0.0498339 -350.671 -0.998034 -0.000769669 0.0626669 6401.06
0.0714421 0.0488409 0.996248 9255.73 -0.00752574 0.998799 -0.0484262 -354.677 -0.997416 -0.00403784 0.0717238 6409.04
0.0815402 0.0488615 0.995472 9325.92 -0.00872083 0.998794 -0.0483103 -357.04 -0.996632 -0.00474211 0.081868 6411.56
0.0910798 0.0519892 0.994486 9395.05 -0.0136614 0.998608 -0.0509535 -360.15 -0.99575 -0.00894521 0.0916632 6426.19
0.101525 0.0533189 0.993403 9449.12 -0.0166442 0.998514 -0.0518922 -363.085 -0.994694 -0.0112661 0.102262 6430.25
0.112319 0.0563237 0.992075 9532.56 -0.020861 0.998306 -0.0543156 -365.93 -0.993453 -0.014595 0.113304 6446.08
0.122952 0.0579954 0.990717 9605.12 -0.0225807 0.998196 -0.0556309 -370.109 -0.992156 -0.0155312 0.12404 6455.29
0.13323 0.0588907 0.989334 9678.44 -0.0247139 0.99812 -0.0560856 -371.074 -0.990777 -0.016978 0.134435 6470.02
0.144713 0.0593628 0.987691 9747.1 -0.0252054 0.998096 -0.0562952 -374.093 -0.989153 -0.0167484 0.145934 6477.81
0.154757 0.0594206 0.986164 9798.12 -0.0307012 0.997997 -0.0553157 -377.453 -0.987475 -0.021716 0.156271 6484.36
0.165858 0.0551663 0.984605 9884.66 -0.0286772 0.998282 -0.0511018 -378.367 -0.985732 -0.01976 0.167155 6501.07
0.176356 0.0488229 0.983115 9958.65 -0.0264091 0.998644 -0.0448567 -381.032 -0.983972 -0.0180524 0.177406 6514.27
0.188879 0.0445685 0.980988 10022.5 -0.0247549 0.998868 -0.0406145 -384.387 -0.981688 -0.016613 0.189769 6522.58
0.199082 0.041284 0.979113 10109.1 -0.0258052 0.998987 -0.036875 -387.067 -0.979643 -0.0179251 0.199946 6545.91
0.208519 0.040244 0.97719 10188.6 -0.0195606 0.999125 -0.0369734 -387.977 -0.977823 -0.0114047 0.209124 6564.43
0.217016 0.0359572 0.975506 10262.5 -0.0133752 0.999337 -0.0338602 -389.433 -0.976076 -0.00569934 0.217353 6580.5
0.224612 0.0278315 0.974051 10352.2 -0.00237405 0.999605 -0.0280142 -389.909 -0.974445 0.00397989 0.22459 6602.08
0.230621 0.0241889 0.972743 10423.8 0.0018425 0.999678 -0.0252956 -392.907 -0.973042 0.00762596 0.230502 6618.36
0.239414 0.0242673 0.970614 10507.9 0.00373611 0.999657 -0.0259149 -396.579 -0.97091 0.00983072 0.239241 6637.11
0.246296 0.0318205 0.968672 10584.6 0.00510382 0.999404 -0.0341278 -398.7 -0.969181 0.0133495 0.245987 6658.01
0.254663 0.0362361 0.966351 10659.9 0.0100352 0.999145 -0.0401104 -400.979 -0.966978 0.0199122 0.254082 6671.3
0.260209 0.0383103 0.964792 10743.1 0.00735919 0.999105 -0.0416576 -404.987 -0.965524 0.0179398 0.259695 6695.62
0.264706 0.0386177 0.963556 10828.4 0.00141234 0.999181 -0.0404335 -408.234 -0.964328 0.0120639 0.264435 6723.38
0.269508 0.0422712 0.96207 10907.8 -0.00683376 0.999095 -0.0419836 -411.227 -0.962974 0.00474035 0.269553 6744.53
0.274575 0.0447284 0.960525 10975.1 -0.00767282 0.998988 -0.0443262 -415.713 -0.961535 0.00480093 0.27464 6761.97
0.278453 0.0490566 0.959196 11056.9 -0.0108965 0.998792 -0.0479184 -419.089 -0.960388 0.00289115 0.278651 6786.5
0.282138 0.0511746 0.958008 11131.2 -0.0145247 0.99869 -0.0490702 -424.419 -0.959264 -7.02552e-05 0.282512 6806.88
0.287198 0.0500606 0.956562 11212.2 -0.0151524 0.998746 -0.0477189 -426.472 -0.957752 -0.00078943 0.287596 6832.53
0.290949 0.0469062 0.955588 11290.4 -0.0135573 0.998899 -0.0449044 -429.886 -0.956642 0.00010974 0.291265 6857.93
0.294516 0.0437181 0.954646 11359.8 -0.0125198 0.999044 -0.0418888 -431.658 -0.955564 0.000384942 0.294782 6880.74
0.298227 0.0429295 0.953529 11441.3 -0.0130982 0.999078 -0.0408836 -434.728 -0.954405 -0.000296922 0.298514 6904.86
0.302167 0.0441761 0.952231 11515.4 -0.014576 0.999023 -0.0417215 -437.287 -0.953144 -0.00127287 0.302515 6927.19
0.304443 0.0448567 0.951474 11584 -0.0148149 0.998993 -0.0423567 -441.403 -0.952415 -0.00120082 0.304801 6951.84
0.306102 0.0431852 0.951019 11656.7 -0.0121108 0.999066 -0.041469 -444.237 -0.951922 0.00117617 0.306339 6979
0.310499 0.0425886 0.949619 11729.4 -0.0107013 0.999089 -0.0413082 -447.303 -0.950513 0.00266396 0.310672 6991.54
0.310962 0.0421445 0.949488 11789 -0.0103598 0.999107 -0.0409541 -448.426 -0.950366 0.00289862 0.311121 7022.36
0.311378 0.0423478 0.949342 11864.3 -0.0108047 0.9991 -0.0410235 -453.1 -0.950225 0.00251643 0.311555 7050.77
0.314662 0.0440872 0.948179 11934.2 -0.010741 0.999022 -0.0428867 -455.054 -0.949143 0.00331047 0.314828 7073.61
0.318027 0.0439652 0.947062 12004.1 -0.00649958 0.999002 -0.0441938 -458.272 -0.948059 0.00789931 0.317995 7097.01
0.321617 0.0440717 0.945843 12065.7 -0.00608972 0.998992 -0.0444775 -461.089 -0.94685 0.00854481 0.321562 7113.78
0.324153 0.0428529 0.945034 12131 -0.00197631 0.999002 -0.0446222 -462.849 -0.946003 0.0125968 0.323914 7139.91
0.327537 0.0420829 0.943901 12177.9 -0.0018441 0.999034 -0.043901 -466.49 -0.944837 0.0126386 0.327298 7157.9
0.330537 0.0419612 0.94286 12251.5 -0.000647979 0.999021 -0.0442334 -469.703 -0.943793 0.0140098 0.330241 7186.21
0.334031 0.0410481 0.941668 12314.3 0.000125442 0.999049 -0.0435939 -472.556 -0.942562 0.0146798 0.333708 7208.8
0.334497 0.0414681 0.941484 12374.6 0.00219853 0.998994 -0.0447822 -473.626 -0.942394 0.0170494 0.334069 7247.83
0.339199 0.0419815 0.939777 12435.2 0.0025293 0.998959 -0.0455382 -477.374 -0.940711 0.0178235 0.33874 7266.76
0.345559 0.0428314 0.937419 12495.5 0.00517494 0.998856 -0.0475461 -479.001 -0.938383 0.0212811 0.344942 7284.04
0.351445 0.0459244 0.935081 12540.7 0.00415646 0.99871 -0.0506116 -480.935 -0.936199 0.0216738 0.350801 7300.42
0.355967 0.0518325 0.93306 12610.7 0.000344122 0.998453 -0.0555965 -485.127 -0.934498 0.0201116 0.355399 7330.51
0.364416 0.0583627 0.929406 12671.1 -0.00507285 0.998144 -0.0606901 -489.144 -0.931222 0.0174017 0.364036 7348.67
0.369118 0.0642312 0.92716 12727.1 -0.00966846 0.99782 -0.0652772 -492.782 -0.929332 0.0151308 0.368935 7380.01
0.375997 0.0692628 0.924029 12784.3 -0.0127255 0.997494 -0.0695915 -494.794 -0.926534 0.0144075 0.375936 7405.91
0.381287 0.0688154 0.921892 12832.8 -0.0163209 0.997571 -0.0677144 -497.06 -0.924313 0.0107726 0.381484 7433.52
0.387424 0.0668958 0.919471 12901.1 -0.0232143 0.997756 -0.0628099 -501.773 -0.921609 0.00298914 0.388107 7462.4
0.393946 0.0629356 0.916976 12962.9 -0.0299421 0.998002 -0.0556332 -506.692 -0.918646 -0.00553977 0.395043 7491.63
0.400528 0.0602966 0.914298 13022.6 -0.0356132 0.998103 -0.0502222 -509.384 -0.915592 -0.0124457 0.401916 7525.83
0.407526 0.0572238 0.911399 13076.2 -0.0387205 0.99822 -0.0453614 -513.944 -0.912373 -0.0168039 0.409016 7542.95
0.414961 0.0610602 0.907788 13149 -0.0437303 0.997931 -0.0471338 -515.418 -0.908787 -0.0201392 0.416773 7578.8
0.422246 0.0644 0.904191 13210.2 -0.046715 0.997694 -0.0492443 -518.674 -0.905277 -0.021446 0.424281 7605.3
0.428364 0.0673105 0.901096 13255.6 -0.0486628 0.997493 -0.0513779 -521.591 -0.902295 -0.0218414 0.430565 7633.35
0.435021 0.0696308 0.897724 13324.6 -0.0516624 0.997293 -0.052319 -525.106 -0.898937 -0.0236187 0.437441 7675.31
0.442515 0.0700397 0.894022 13390.5 -0.0537231 0.997225 -0.0515335 -527.863 -0.89515 -0.0252252 0.44505 7706.49
0.449415 0.0716261 0.890447 13449.1 -0.0592498 0.996976 -0.0502913 -529.325 -0.891356 -0.0301572 0.452299 7745.41
0.4572 0.0687567 0.886702 13522.4 -0.0588234 0.997162 -0.0469916 -533.459 -0.887417 -0.0306743 0.459947 7782.29
0.465494 0.067127 0.882502 13589.4 -0.0594627 0.997239 -0.0444895 -535.317 -0.883051 -0.0317664 0.4682 7820.84
0.474671 0.0672582 0.87759 13648.1 -0.05992 0.997232 -0.044018 -538.317 -0.878121 -0.0316912 0.477387 7853.16
0.482459 0.0693925 0.873166 13723.1 -0.0632503 0.997015 -0.0442868 -539.363 -0.873632 -0.0338615 0.485407 7895.44
0.490537 0.0699934 0.868605 13785.9 -0.0639737 0.996972 -0.0442088 -542.647 -0.869069 -0.0338819 0.493529 7937.52
0.4981 0.0701745 0.864275 13849.5 -0.0657926 0.996905 -0.0430256 -545.589 -0.86462 -0.0354318 0.501176 7978.76
0.504025 0.0694949 0.860889 13926.1 -0.0655104 0.996962 -0.042125 -547.899 -0.861201 -0.0351651 0.507046 8022.45
0.507816 0.068082 0.858771 13997 -0.0640823 0.997096 -0.0411544 -551.333 -0.859079 -0.0341331 0.510704 8065.39
0.51233 0.0658812 0.856258 14062.7 -0.0606353 0.99734 -0.0404559 -553.49 -0.856645 -0.0311927 0.514962 8108.19
0.516096 0.0629332 0.854215 14122.7 -0.0556455 0.997654 -0.0398812 -556.079 -0.854721 -0.0269507 0.518387 8145.48
0.519563 0.0578541 0.852471 14199.3 -0.0483521 0.998097 -0.0382676 -558.529 -0.853063 -0.0213364 0.521372 8196.47
0.523591 0.0531206 0.850312 14274.5 -0.0427588 0.998435 -0.0360448 -559.84 -0.850896 -0.0174855 0.525043 8241.13
0.527494 0.0483868 0.84818 14347.8 -0.0373728 0.998732 -0.0337328 -562.011 -0.848736 -0.013905 0.528634 8286.16
0.531274 0.0470612 0.845892 14401.9 -0.0376632 0.998781 -0.0319124 -564.427 -0.846363 -0.0149048 0.532399 8321.83
0.53435 0.0494168 0.843817 14480.7 -0.0393849 0.998661 -0.0335443 -566.879 -0.844345 -0.0153093 0.535581 8370.44
0.538008 0.0533674 0.841249 14548.5 -0.0449941 0.998389 -0.0345608 -570.2 -0.841738 -0.0192573 0.539543 8416.32
0.541962 0.0563212 0.838514 14617.2 -0.0509896 0.998117 -0.0340851 -571.78 -0.838855 -0.0242827 0.543813 8463.46
0.544351 0.0518224 0.837255 14677.4 -0.0493396 0.99834 -0.0297141 -573.401 -0.837405 -0.0251349 0.546004 8510.2
0.548375 0.0485512 0.834822 14760.6 -0.0519596 0.998362 -0.0239313 -573.3 -0.834617 -0.0302537 0.55 8565.18
0.552224 0.0418109 0.832647 14832.4 -0.0505666 0.998583 -0.0166068 -575.401 -0.832161 -0.0329335 0.553555 8611.97
0.557591 0.0376796 0.82926 14902.7 -0.0485967 0.998738 -0.0127041 -576.63 -0.828692 -0.0332156 0.558718 8663.14
0.562911 0.035814 0.825741 14960.8 -0.0427105 0.998986 -0.014212 -577.133 -0.825413 -0.0272678 0.56387 8699.12
0.568237 0.03482 0.822128 15035.3 -0.0319974 0.999284 -0.0202072 -577.169 -0.822242 -0.0148235 0.568944 8756.99
0.574119 0.0384637 0.817868 15106.6 -0.026113 0.999248 -0.0286633 -578.029 -0.818355 -0.0049008 0.574692 8804.14
0.57996 0.0400112 0.813662 15175.3 -0.0239123 0.999199 -0.0320906 -580.264 -0.814294 -0.000845273 0.580452 8852.53
0.587563 0.0353804 0.808405 15247.5 -0.021219 0.999374 -0.028316 -582.563 -0.8089 -0.000516124 0.587946 8899.62
0.594296 0.030024 0.803686 15314.2 -0.016404 0.999548 -0.0252108 -584.704 -0.804079 0.00179904 0.594519 8949.8
0.599377 0.0276532 0.799989 15364.7 -0.0115922 0.999598 -0.0258678 -585.454 -0.800383 0.00623094 0.599456 8995.85
0.604767 0.0297909 0.795845 15450.2 -0.00800475 0.999477 -0.0313306 -587.343 -0.796362 0.0125772 0.604689 9057.81
0.609291 0.031103 0.792336 15525.1 -0.007326 0.999409 -0.033598 -587.511 -0.792913 0.0146663 0.609159 9115.49
0.613428 0.0290156 0.789217 15595.6 -0.00599159 0.999467 -0.0320885 -590.54 -0.789728 0.0149553 0.613275 9167.8
0.615553 0.0238183 0.787735 15659.8 -0.00319876 0.99961 -0.0277251 -593.031 -0.788089 0.0145465 0.61539 9221.16
0.617581 0.0194267 0.786267 15719.9 0.000615975 0.999683 -0.0251834 -593.985 -0.786507 0.0160371 0.617373 9266.24
0.619383 0.0143183 0.784958 15804.2 0.00514412 0.999738 -0.0222951 -595.1 -0.785072 0.0178471 0.619148 9327.09
0.620019 0.0141283 0.784459 15876.9 0.00462683 0.999755 -0.0216628 -596.05 -0.784573 0.0170609 0.619802 9385.29
0.618168 0.014172 0.785918 15945.5 0.00307592 0.999786 -0.020448 -598.503 -0.78604 0.0150577 0.617993 9445.03
0.61697 0.0167395 0.786809 16014.2 0.000556259 0.999764 -0.0217064 -600.704 -0.786987 0.0138298 0.616815 9507.62
0.616327 0.0203314 0.787228 16064.7 -0.00350182 0.999728 -0.0230779 -602.105 -0.787482 0.0114668 0.616231 9542.29
0.613059 0.02401 0.789672 16148.8 -0.0066598 0.99966 -0.0252244 -603.571 -0.790009 0.010205 0.61301 9613.42
0.613504 0.0263843 0.789251 16227.9 -0.0112983 0.999633 -0.0246349 -605.923 -0.789611 0.00619646 0.613577 9666.35
0.608521 0.0271915 0.793071 16293.2 -0.0131321 0.999621 -0.0241971 -607.474 -0.793429 0.00430974 0.608648 9728.12
0.606408 0.0256998 0.794738 16363 -0.0142644 0.999668 -0.0214426 -610.602 -0.795025 0.00166652 0.606574 9782.38
0.604186 0.0238587 0.796486 16417.7 -0.016085 0.999713 -0.0177449 -614.105 -0.796681 -0.00209026 0.604396 9820.16
0.599775 0.0198145 0.799924 16497.6 -0.0115329 0.999804 -0.0161183 -615.668 -0.800086 0.000441886 0.599885 9880.73
0.596887 0.0244574 0.801952 16568.3 -0.011924 0.999695 -0.021613 -617.325 -0.802237 0.00333805 0.596997 9936.79
0.592563 0.0353284 0.804749 16635.5 -0.018181 0.99937 -0.030485 -619.175 -0.805319 0.00343313 0.592831 9992.79
0.589423 0.0424533 0.806708 16693.9 -0.0219454 0.999091 -0.036543 -622.361 -0.807526 0.00383577 0.589819 10032.1
0.58484 0.0402104 0.810151 16770.4 -0.0235367 0.999191 -0.0326022 -624.766 -0.810807 -1.28709e-06 0.585313 10089.6
0.583053 0.0380334 0.811543 16846.4 -0.0274298 0.999256 -0.0271237 -627.422 -0.811971 -0.00644587 0.583662 10136.4
0.575371 0.0359853 0.8171 16905.4 -0.0303482 0.999283 -0.0226387 -629.577 -0.817329 -0.0117718 0.576051 10195.9
0.57133 0.0364304 0.819912 16971 -0.0307009 0.999264 -0.0230065 -631.513 -0.820146 -0.0120277 0.572027 10240.8
0.569819 0.0352492 0.821014 17033.8 -0.0304709 0.999299 -0.0217555 -635.064 -0.821205 -0.0126204 0.570494 10280
0.564403 0.0353287 0.824743 17111 -0.0270235 0.999339 -0.0243145 -637.159 -0.825057 -0.00856424 0.564985 10338.2
0.561839 0.0353566 0.826491 17186.3 -0.0245847 0.999359 -0.0260393 -639.958 -0.826882 -0.00568917 0.562347 10383.1
0.556801 0.0377848 0.829786 17257.7 -0.0232649 0.999282 -0.0298917 -641.67 -0.83032 -0.00266112 0.55728 10433.1
0.551493 0.0378543 0.83332 17327.7 -0.023855 0.999277 -0.0296057 -644.596 -0.833839 -0.00355152 0.551997 10483.8
0.547361 0.04034 0.835923 17386.7 -0.029371 0.999148 -0.0289848 -648.229 -0.836381 -0.00868675 0.54808 10520.3
0.542474 0.0413063 0.839056 17471.2 -0.0307048 0.999098 -0.0293335 -651.268 -0.839511 -0.00985035 0.543253 10566.6
0.536408 0.0435552 0.842834 17545.4 -0.0327409 0.99899 -0.0307874 -652.401 -0.843323 -0.0110806 0.537292 10613.9
0.528876 0.051419 0.84714 17615.9 -0.0376751 0.998602 -0.0370914 -654.35 -0.847862 -0.0122993 0.530074 10661.1
0.521806 0.0566532 0.851181 17669.6 -0.0409361 0.998306 -0.0413503 -656.108 -0.852081 -0.0132672 0.523241 10698.1
0.514729 0.0605293 0.855213 17752.8 -0.042714 0.998076 -0.0449323 -658.546 -0.856288 -0.0134016 0.516325 10746.9
0.507511 0.0546255 0.859912 17816.1 -0.0460924 0.998281 -0.0362121 -664.134 -0.860412 -0.0212574 0.509156 10780.2
0.500014 0.0487997 0.864641 17897.8 -0.0529198 0.998267 -0.0257384 -668.705 -0.864399 -0.032887 0.50173 10821.4
0.491886 0.0431967 0.869587 17973.5 -0.0519627 0.998445 -0.0202048 -669.731 -0.869108 -0.0352476 0.493366 10870.6
0.483688 0.0431871 0.874174 18059.4 -0.0562203 0.998252 -0.0182098 -670.958 -0.873433 -0.0403384 0.485271 10919.5
0.474819 0.0447947 0.878943 18133.4 -0.0552609 0.998251 -0.0210223 -672.015 -0.878347 -0.0385894 0.476464 10961.7
0.467714 0.0456589 0.8827 18216.4 -0.0495646 0.998448 -0.0253834 -674.147 -0.882489 -0.0318785 0.469251 11002.1
0.459581 0.0556275 0.886392 18287.1 -0.0497721 0.998081 -0.0368307 -675.392 -0.88674 -0.0271909 0.461468 11048.1
0.452092 0.0571985 0.890135 18371.7 -0.0457546 0.998115 -0.0408987 -677.702 -0.890797 -0.0222378 0.453857 11088
0.444447 0.0532597 0.894221 18452.2 -0.0438412 0.998328 -0.0376703 -681.103 -0.894732 -0.0224613 0.446039 11125.2
0.436206 0.0475981 0.898587 18528.8 -0.0405582 0.998625 -0.0332088 -683.711 -0.898932 -0.0219592 0.437537 11165.9
0.428136 0.0471321 0.902484 18618.1 -0.0409116 0.998626 -0.0327447 -686.086 -0.902788 -0.0229029 0.429476 11210
0.420686 0.0477772 0.905947 18699.3 -0.0413671 0.998584 -0.0334534 -688.885 -0.906263 -0.023403 0.422067 11244.8
0.414034 0.0464274 0.909077 18771.2 -0.0372311 0.998726 -0.0340492 -691.251 -0.9095 -0.0197483 0.415236 11279.6
0.408519 0.0406484 0.911844 18855.2 -0.0325181 0.999022 -0.029966 -694.547 -0.912171 -0.0174098 0.409441 11318.4
0.403058 0.0375828 0.914402 18939.4 -0.0318622 0.999127 -0.0270206 -697.4 -0.914619 -0.0182439 0.403904 11355.3
0.398479 0.0362972 0.916459 19021.5 -0.034007 0.999114 -0.0247846 -699.797 -0.916547 -0.0212899 0.399361 11393.2
0.392808 0.0382092 0.918826 19095.2 -0.0340631 0.999055 -0.0269832 -701.87 -0.918989 -0.0206989 0.393738 11428
0.389098 0.0414803 0.920262 19182.9 -0.0333654 0.998965 -0.0309205 -704.503 -0.920592 -0.0186738 0.39008 11460.5
0.385726 0.0476186 0.921384 19262 -0.0336315 0.998729 -0.0375366 -706.494 -0.922 -0.0165087 0.386837 11496.3
0.382223 0.0499034 0.922722 19342.6 -0.0359914 0.998587 -0.0390975 -709.849 -0.923369 -0.0182661 0.383479 11530
0.379112 0.044778 0.924267 19421.1 -0.0357688 0.998791 -0.0337171 -713.062 -0.924659 -0.0202773 0.380255 11559.2
0.376681 0.036543 0.925622 19485.3 -0.0326178 0.999125 -0.0261711 -714.498 -0.925769 -0.0203336 0.377543 11589.6
