1 0 0 0 0 1 0 0 0 0 1 0
0.999998 -0.00209984 0.000715777 0.00275495 0.00210043 0.999997 -0.00082663 0.0065649 -0.000714041 0.000828131 0.999999 0.954464
0.999995 -0.00306238 0.00126251 -0.00532773 0.00305832 0.99999 0.00319786 0.00808249 -0.0012723 -0.00319398 0.999994 1.89535
0.999985 -0.00548316 0.000681589 -0.00469269 0.00547653 0.999941 0.00937166 0.00882414 -0.000732958 -0.00936779 0.999956 2.84327
0.999958 -0.00910901 -0.000907351 -0.00261338 0.00911717 0.999914 0.0094441 0.0155556 0.000821234 -0.00945197 0.999955 3.78054
0.99993 -0.0117142 -0.00159928 -0.00490351 0.0117243 0.99991 0.00644929 0.0237484 0.00152357 -0.00646759 0.999978 4.71078
0.999918 -0.0125302 -0.00262651 -0.00845146 0.0125373 0.999918 0.00270854 0.0350604 0.00259236 -0.00274124 0.999993 5.64109
0.999925 -0.011877 -0.0029581 -0.0183688 0.011885 0.999926 0.00268232 0.0300991 0.00292602 -0.00271727 0.999992 6.56533
0.999921 -0.0118275 -0.00423789 -0.0263065 0.0118466 0.99992 0.00449921 0.0348562 0.00418433 -0.00454906 0.999981 7.48118
0.999927 -0.0113108 -0.00433916 -0.0431871 0.0113408 0.999911 0.00696373 0.0472523 0.00426 -0.00701244 0.999966 8.42295
0.999918 -0.011691 -0.00517633 -0.0535727 0.0117345 0.999895 0.00845307 0.0543554 0.00507697 -0.00851312 0.999951 9.34289
0.999902 -0.0127137 -0.00586698 -0.0587852 0.012768 0.999875 0.00930903 0.0597769 0.00574787 -0.00938305 0.999939 10.2556
0.999893 -0.0129868 -0.0067839 -0.0676416 0.0130514 0.999869 0.0095692 0.0639698 0.00665875 -0.00965671 0.999931 11.1716
0.999881 -0.0135289 -0.00735578 -0.0780396 0.0135868 0.999877 0.00787997 0.0735683 0.00724826 -0.00797899 0.999942 12.0712
0.999868 -0.0137826 -0.00862002 -0.0931154 0.0138334 0.999887 0.00586619 0.0846915 0.00853818 -0.00598469 0.999946 12.9731
0.999832 -0.0150941 -0.0103897 -0.102133 0.0151382 0.999877 0.00417557 0.0971188 0.0103254 -0.00433216 0.999937 13.8781
0.99982 -0.0147493 -0.0119641 -0.121375 0.0147948 0.999884 0.00372431 0.0992732 0.0119078 -0.00390066 0.999922 14.7877
0.999818 -0.013664 -0.0132874 -0.139117 0.0137024 0.999902 0.00280151 0.102219 0.0132478 -0.00298308 0.999908 15.6855
0.99982 -0.012158 -0.0145758 -0.161428 0.0122003 0.999922 0.00281062 0.106216 0.0145405 -0.00298794 0.99989 16.5649
0.999787 -0.0127076 -0.0162415 -0.17928 0.0127652 0.999913 0.00344581 0.112098 0.0161963 -0.00365238 0.999862 17.4565
0.999767 -0.0124094 -0.0176871 -0.200503 0.0125034 0.999908 0.00521148 0.111397 0.0176209 -0.00543141 0.99983 18.3474
0.999747 -0.0120527 -0.0190026 -0.222668 0.0121643 0.999909 0.00576825 0.115845 0.0189313 -0.00599796 0.999803 19.2266
0.999698 -0.013132 -0.0207831 -0.239228 0.0132578 0.999895 0.00592668 0.118028 0.0207031 -0.00620042 0.999766 20.1153
0.999679 -0.012721 -0.0219238 -0.263161 0.0128293 0.999906 0.00480464 0.128299 0.0218607 -0.00508434 0.999748 20.967
0.999639 -0.0128072 -0.0235996 -0.283733 0.0129319 0.999903 0.00514168 0.133637 0.0235315 -0.00544501 0.999708 21.83
0.999624 -0.0124749 -0.0244321 -0.311192 0.0126527 0.999894 0.00713436 0.138696 0.0243405 -0.00744082 0.999676 22.6889
0.999587 -0.0135983 -0.0253267 -0.328585 0.0138551 0.999854 0.0099922 0.144002 0.0251872 -0.0103389 0.999629 23.5337
0.999562 -0.0138471 -0.0261393 -0.350263 0.0141525 0.999833 0.0115331 0.150745 0.0259753 -0.011898 0.999592 24.3743
0.999562 -0.0129485 -0.0265991 -0.383054 0.0132274 0.999859 0.0103369 0.157168 0.0264615 -0.0106842 0.999593 25.1986
0.999564 -0.0113222 -0.0272633 -0.410092 0.0115412 0.999902 0.00789129 0.159897 0.0271713 -0.00820249 0.999597 26.0095
0.999548 -0.0107588 -0.0280547 -0.436226 0.0109326 0.999922 0.00605058 0.168945 0.0279874 -0.00635456 0.999588 26.812
0.999541 -0.00973692 -0.0286954 -0.468671 0.00990577 0.999934 0.00574818 0.174547 0.0286375 -0.00602977 0.999572 27.6045
0.99949 -0.0102377 -0.0302521 -0.491638 0.0104053 0.999931 0.00538968 0.173009 0.0301949 -0.00570172 0.999528 28.3903
0.999419 -0.0100507 -0.0325689 -0.518168 0.0102015 0.999938 0.00446723 0.177088 0.032522 -0.00479687 0.99946 29.1667
0.999365 -0.00979196 -0.0342666 -0.551461 0.00995135 0.99994 0.0044839 0.180076 0.0342206 -0.00482205 0.999403 29.9313
0.999297 -0.00988064 -0.0361672 -0.575547 0.010085 0.999934 0.00547246 0.187159 0.0361108 -0.00583335 0.999331 30.6986
0.999217 -0.0100537 -0.0382652 -0.606492 0.0103577 0.999916 0.0077543 0.192426 0.038184 -0.00814457 0.999238 31.4504
0.999152 -0.00918551 -0.0401426 -0.643779 0.00957323 0.999909 0.00947744 0.194777 0.0400519 -0.00985369 0.999149 32.1971
0.999085 -0.00802077 -0.0420003 -0.675999 0.00842544 0.99992 0.00946681 0.199658 0.041921 -0.00981201 0.999073 32.9246
0.999023 -0.00572753 -0.0438154 -0.717603 0.00611996 0.999942 0.00882744 0.201808 0.0437623 -0.00908697 0.999001 33.6302
0.998949 -0.00343164 -0.0457182 -0.752238 0.00380809 0.99996 0.00814984 0.210615 0.0456884 -0.00831536 0.998921 34.3468
0.998866 -0.00344469 -0.0474813 -0.783035 0.00388055 0.999951 0.00909075 0.215414 0.0474477 -0.0092647 0.998831 35.059
0.998834 -0.0018856 -0.0482476 -0.829782 0.00242631 0.999935 0.0111509 0.219408 0.0482235 -0.011255 0.998773 35.7409
0.998832 0.0010107 -0.0483043 -0.869307 -0.000459243 0.999935 0.0114258 0.22812 0.0483127 -0.0113902 0.998767 36.4287
0.998862 0.00338644 -0.0475785 -0.895459 -0.00295063 0.999953 0.00922723 0.234751 0.0476075 -0.00907635 0.998825 37.103
0.998938 0.00503142 -0.0458037 -0.932045 -0.00474788 0.999969 0.00629697 0.238672 0.0458339 -0.00607281 0.998931 37.7463
0.999022 0.00529223 -0.0438946 -0.959592 -0.00512001 0.999979 0.00403478 0.250869 0.043915 -0.00380608 0.999028 38.3984
0.999139 0.00644162 -0.040981 -0.985893 -0.00625112 0.999969 0.00477486 0.255545 0.0410105 -0.00451457 0.999148 39.0422
0.999222 0.0112435 -0.0378019 -1.01871 -0.0109594 0.99991 0.00771458 0.255358 0.0378852 -0.0072943 0.999255 39.6914
0.999302 0.0153462 -0.0340504 -1.04444 -0.0149714 0.999825 0.0112353 0.258938 0.0342168 -0.0107176 0.999357 40.3177
0.999355 0.0206147 -0.0294084 -1.07668 -0.0202632 0.99972 0.0122017 0.264092 0.0296517 -0.0115979 0.999493 40.9154
0.999417 0.0239888 -0.0242971 -1.09632 -0.0236871 0.99964 0.0126306 0.270589 0.0245914 -0.0120477 0.999625 41.5064
0.999437 0.0282998 -0.0180298 -1.11648 -0.0280414 0.999503 0.0144254 0.278171 0.0184291 -0.0139117 0.999733 42.0766
0.999375 0.0332881 -0.0118537 -1.12357 -0.0331007 0.999329 0.0156714 0.280271 0.0123674 -0.0152692 0.999807 42.6354
0.999317 0.036642 -0.00468639 -1.13127 -0.0365654 0.999211 0.0154898 0.284525 0.00525027 -0.0153079 0.999869 43.1684
0.999192 0.0401011 0.00278345 -1.1378 -0.0401395 0.999074 0.0154979 0.28753 -0.00215939 -0.0155971 0.999876 43.6712
0.99898 0.0440622 0.0098256 -1.12993 -0.044207 0.998909 0.0150404 0.292197 -0.00915216 -0.0154594 0.999839 44.1684
0.998696 0.0479026 0.0176393 -1.12789 -0.048119 0.998769 0.0120549 0.302226 -0.0170401 -0.012888 0.999772 44.6419
0.998395 0.0505626 0.0255246 -1.11729 -0.050815 0.998664 0.00933953 0.300415 -0.0250183 -0.0106216 0.999631 45.0976
0.998145 0.0509781 0.0332943 -1.10057 -0.0513003 0.998644 0.00889402 0.3075 -0.0327957 -0.0105855 0.999406 45.5273
0.997893 0.0499411 0.0414205 -1.07812 -0.0504111 0.998675 0.0103795 0.307994 -0.0408472 -0.0124457 0.999088 45.9233
0.997421 0.0521255 0.0493374 -1.05656 -0.0527375 0.998546 0.0111832 0.311666 -0.0486827 -0.0137563 0.99872 46.3125
0.996782 0.0551408 0.0581901 -1.04387 -0.0558945 0.998372 0.0114039 0.311319 -0.0574666 -0.0146197 0.99824 46.6785
0.995974 0.0601728 0.0664448 -1.0141 -0.0609971 0.998083 0.0104453 0.319384 -0.065689 -0.0144562 0.997735 47.0073
0.995083 0.0638783 0.0756866 -0.995017 -0.0648831 0.997833 0.0108901 0.312929 -0.074827 -0.0157474 0.997072 47.3073
0.994359 0.06319 0.08519 -0.966709 -0.0644089 0.997856 0.0116339 0.311996 -0.0842722 -0.0170552 0.996297 47.5899
0.993488 0.061898 0.0956581 -0.927082 -0.063101 0.997961 0.00959965 0.315272 -0.0948689 -0.0155733 0.995368 47.8668
0.992379 0.0604112 0.1074 -0.891952 -0.0613271 0.998104 0.00524329 0.311646 -0.106879 -0.0117898 0.994202 48.1287
0.990783 0.0614388 0.120727 -0.851259 -0.0620187 0.998074 0.00104828 0.314671 -0.12043 -0.00852593 0.992685 48.3958
0.98866 0.0629981 0.136317 -0.812994 -0.0634371 0.997985 -0.00112573 0.313129 -0.136113 -0.00753458 0.990665 48.6566
0.986188 0.0648204 0.152422 -0.763629 -0.065199 0.997869 -0.00251855 0.313006 -0.15226 -0.00745399 0.988312 48.9129
0.983404 0.0654185 0.169222 -0.706565 -0.0657394 0.99783 -0.00371197 0.312547 -0.169098 -0.00747421 0.985571 49.1661
0.980158 0.0643575 0.18748 -0.650029 -0.0645314 0.997902 -0.00518204 0.317096 -0.18742 -0.00701913 0.982255 49.4294
0.976274 0.0636823 0.206961 -0.584532 -0.0639674 0.997938 -0.00532092 0.311743 -0.206873 -0.00804407 0.978335 49.6709
0.971826 0.0637486 0.226916 -0.507407 -0.0639674 0.997931 -0.00639686 0.307119 -0.226854 -0.00829856 0.973893 49.9057
0.966563 0.0659742 0.247798 -0.429965 -0.06584 0.997791 -0.00883775 0.307706 -0.247834 -0.00777277 0.968771 50.139
0.960294 0.0674588 0.270711 -0.349641 -0.0670269 0.997692 -0.0108514 0.301764 -0.270818 -0.0077244 0.9626 50.3818
0.953099 0.0686067 0.294779 -0.252384 -0.0680979 0.997606 -0.0120034 0.295811 -0.294897 -0.00863337 0.95549 50.6209
0.944669 0.0711734 0.32021 -0.152703 -0.0707549 0.99741 -0.0129571 0.290873 -0.320303 -0.0104162 0.947258 50.8528
0.934743 0.0734855 0.347643 -0.0461598 -0.0731709 0.99722 -0.0140527 0.282443 -0.347709 -0.0123017 0.937522 51.0951
0.923637 0.074077 0.376041 0.0756032 -0.0736431 0.997163 -0.0155498 0.276859 -0.376126 -0.0133305 0.926472 51.3333
0.911053 0.0720984 0.405935 0.214965 -0.0710405 0.997316 -0.0176956 0.26859 -0.406122 -0.0127163 0.91373 51.567
0.896111 0.0695561 0.438345 0.360225 -0.0673502 0.997517 -0.0206003 0.263614 -0.43869 -0.0110625 0.89857 51.7993
0.878857 0.0687145 0.472111 0.514099 -0.0647354 0.997597 -0.0246896 0.252393 -0.472673 -0.00886368 0.881193 52.0132
0.859434 0.0706214 0.506345 0.685032 -0.0642363 0.997481 -0.0300915 0.248698 -0.507194 -0.00666403 0.861806 52.2473
0.837729 0.0724035 0.541265 0.869448 -0.0637405 0.997361 -0.0347614 0.23999 -0.542354 -0.00537991 0.840133 52.4727
0.813098 0.0752735 0.57724 1.06634 -0.0649449 0.997144 -0.0385488 0.233039 -0.578493 -0.00614484 0.815664 52.7021
0.785673 0.0794419 0.61352 1.27796 -0.0682384 0.996798 -0.0416847 0.221813 -0.614867 -0.00911506 0.788579 52.9336
0.755767 0.0838054 0.649455 1.50311 -0.0720455 0.996398 -0.0447356 0.208289 -0.650865 -0.0129806 0.759083 53.164
0.722762 0.0846511 0.685893 1.7598 -0.0715849 0.996302 -0.0475281 0.191424 -0.687379 -0.0147481 0.726149 53.3977
0.686081 0.0823568 0.722849 2.04579 -0.0683599 0.996474 -0.0486492 0.171198 -0.724307 -0.0160366 0.689292 53.6268
0.646945 0.081074 0.758214 2.3349 -0.0657842 0.996559 -0.0504293 0.152432 -0.759694 -0.0172535 0.650052 53.832
0.604431 0.0803548 0.792595 2.66899 -0.0637345 0.996589 -0.0524324 0.131599 -0.794104 -0.0188239 0.60749 54.0517
0.558444 0.0802754 0.825649 3.03349 -0.0604226 0.996599 -0.0560284 0.112606 -0.827339 -0.0185991 0.561395 54.2599
0.509648 0.0790249 0.856746 3.40252 -0.0573582 0.996678 -0.0578117 0.0877799 -0.858469 -0.0196779 0.512487 54.4553
0.461154 0.077484 0.88393 3.8293 -0.0556577 0.996744 -0.058336 0.0708571 -0.885573 -0.0222957 0.463966 54.6438
0.412013 0.0750568 0.908081 4.26495 -0.0548291 0.996838 -0.057516 0.0487872 -0.909527 -0.0260919 0.414826 54.8057
0.361232 0.0747532 0.929475 4.72379 -0.0580545 0.996651 -0.0575935 0.0266563 -0.930667 -0.0331556 0.364361 54.9751
0.311617 0.0755361 0.947201 5.17714 -0.0566294 0.99654 -0.0608404 0.00647699 -0.948519 -0.0346805 0.314817 55.1019
0.264943 0.0721434 0.961562 5.65954 -0.0452559 0.997029 -0.0623349 -0.0233801 -0.963202 -0.0270012 0.26742 55.1846
0.220968 0.0664645 0.973014 6.17485 -0.0318214 0.997635 -0.0609199 -0.0476679 -0.974762 -0.0175013 0.222561 55.2589
0.178543 0.0653184 0.981761 6.69829 -0.0231222 0.997797 -0.0621803 -0.0800483 -0.98366 -0.0115986 0.17966 55.3275
0.14013 0.0666538 0.987887 7.1988 -0.0201882 0.997717 -0.0644533 -0.108781 -0.989927 -0.0109119 0.141155 55.3679
0.10733 0.0673558 0.991939 7.74153 -0.0115002 0.99772 -0.0665039 -0.142526 -0.994157 -0.00426964 0.10786 55.4011
0.0786512 0.0655509 0.994745 8.302 -0.00419857 0.997849 -0.0654235 -0.178073 -0.996893 0.000969131 0.0787572 55.4184
0.0536454 0.0640346 0.996505 8.86208 0.00285528 0.997928 -0.0642798 -0.209142 -0.998556 0.00629362 0.0533514 55.4266
0.0336563 0.063147 0.997437 9.44354 0.00747453 0.997958 -0.0634322 -0.236744 -0.999406 0.00959026 0.0331156 55.4304
0.0178801 0.0647993 0.997738 10.0331 0.0102493 0.997833 -0.0649892 -0.266582 -0.999788 0.0113881 0.0171772 55.4297
0.00433411 0.0647075 0.997895 10.6295 0.0105861 0.997845 -0.0647502 -0.301401 -0.999935 0.0108444 0.00363977 55.4268
-0.00717222 0.0654377 0.997831 11.2594 0.011578 0.997795 -0.0653521 -0.3396 -0.999907 0.0110842 -0.00791405 55.4188
-0.016183 0.0683701 0.997529 11.8858 0.0166326 0.99754 -0.068101 -0.37413 -0.999731 0.0154894 -0.0172803 55.4031
-0.0225801 0.0700723 0.997286 12.5218 0.0206538 0.997361 -0.0696099 -0.412625 -0.999532 0.019026 -0.0239677 55.3766
-0.0275511 0.0698079 0.99718 13.1725 0.0209933 0.997379 -0.0692418 -0.441506 -0.9994 0.0190264 -0.0289444 55.3614
-0.0311665 0.0671492 0.997256 13.8294 0.0189337 0.997601 -0.0665807 -0.474814 -0.999335 0.0168067 -0.0323631 55.3442
-0.0337482 0.0601588 0.997618 14.5052 0.0166271 0.998082 -0.0596244 -0.514398 -0.999292 0.0145752 -0.0346838 55.3292
-0.0349278 0.0547273 0.99789 15.1886 0.0182048 0.998369 -0.0541163 -0.545347 -0.999224 0.0162762 -0.0358671 55.3029
-0.0355948 0.0518193 0.998022 15.8873 0.0205639 0.998481 -0.0511098 -0.584027 -0.999155 0.018704 -0.0366063 55.2795
-0.0350949 0.0542675 0.997909 16.5986 0.0238029 0.998287 -0.0534509 -0.626608 -0.9991 0.0218773 -0.0363265 55.2399
-0.0340483 0.0615616 0.997522 17.3027 0.0246769 0.997849 -0.0607395 -0.660149 -0.999115 0.0225477 -0.0354942 55.2142
-0.0321164 0.0698434 0.997041 18.005 0.025679 0.997284 -0.0690332 -0.690043 -0.999154 0.0233859 -0.0338226 55.199
-0.029883 0.0700899 0.997093 18.7304 0.0264692 0.997244 -0.0693073 -0.731097 -0.999203 0.0243212 -0.0316559 55.1781
-0.0277369 0.0658985 0.997441 19.486 0.0258005 0.997539 -0.0651876 -0.771751 -0.999282 0.0239264 -0.0293689 55.1607
-0.025399 0.0595704 0.997901 20.2457 0.0251101 0.997946 -0.058934 -0.817462 -0.999362 0.0235605 -0.0268427 55.1417
-0.0224492 0.0579191 0.998069 20.9811 0.0234207 0.998077 -0.0573928 -0.860003 -0.999474 0.022087 -0.0237625 55.1296
-0.0188609 0.0634597 0.997806 21.7163 0.0309096 0.997544 -0.0628587 -0.90046 -0.999344 0.0296563 -0.0207761 55.1055
-0.0157083 0.0688381 0.997504 22.446 0.0330925 0.997117 -0.0682902 -0.942584 -0.999329 0.0319372 -0.017941 55.0964
-0.0135002 0.0695733 0.997486 23.1831 0.0268845 0.997241 -0.0691924 -0.984755 -0.999547 0.0258828 -0.0153334 55.1072
-0.0105954 0.0658426 0.997774 23.9498 0.02222 0.997599 -0.0655951 -1.03322 -0.999697 0.0214755 -0.012033 55.1046
-0.00568718 0.0622686 0.998043 24.6867 0.0263029 0.997723 -0.0620987 -1.08199 -0.999638 0.0258983 -0.00731208 55.094
-0.00204314 0.0632083 0.997998 25.4285 0.0309407 0.997526 -0.0631151 -1.12821 -0.999519 0.0307498 -0.00399379 55.0891
-0.00014625 0.0673925 0.997727 26.1654 0.0306186 0.997259 -0.0673564 -1.18273 -0.999531 0.0305392 -0.00220932 55.1075
0.00427637 0.0686867 0.997629 26.9208 0.026689 0.997275 -0.0687767 -1.21541 -0.999635 0.0269198 0.00243154 55.1054
0.00812764 0.0683364 0.997629 27.6722 0.026054 0.997309 -0.0685267 -1.25893 -0.999627 0.0265492 0.00632533 55.1151
0.0116269 0.0647622 0.997833 28.4112 0.0300014 0.997429 -0.0650855 -1.31042 -0.999482 0.0306931 0.00965405 55.1223
0.015629 0.0654032 0.997736 29.1645 0.0344166 0.997232 -0.0659092 -1.35939 -0.999285 0.0353688 0.0133348 55.1248
0.0188682 0.0662967 0.997622 29.9212 0.037563 0.997048 -0.066969 -1.41061 -0.999116 0.0387373 0.0163222 55.1421
0.02155 0.0664271 0.997559 30.6715 0.0379559 0.997017 -0.067211 -1.45332 -0.999047 0.0393116 0.0189644 55.1615
0.0252213 0.0646833 0.997587 31.4175 0.0395236 0.99706 -0.0656483 -1.50286 -0.9989 0.041084 0.0225907 55.1823
0.0286687 0.0637917 0.997551 32.1668 0.0414986 0.997025 -0.0649507 -1.54961 -0.998727 0.043259 0.0259362 55.204
0.0313243 0.0634378 0.997494 32.9159 0.0400162 0.997104 -0.0646696 -1.60874 -0.998708 0.0419417 0.0286951 55.245
0.0346544 0.0659158 0.997223 33.674 0.0365745 0.99707 -0.0671767 -1.64007 -0.99873 0.0388009 0.032142 55.2595
0.0376271 0.0661367 0.997101 34.4282 0.0384817 0.996971 -0.0675802 -1.68117 -0.998551 0.040913 0.0349681 55.2851
0.040311 0.0655196 0.997037 35.1851 0.03651 0.997085 -0.0669989 -1.7327 -0.99852 0.0391026 0.0378014 55.3205
0.0423559 0.0659238 0.996925 35.9387 0.0344998 0.997129 -0.0674031 -1.77797 -0.998507 0.0372487 0.03996 55.3644
0.0451937 0.0655547 0.996825 36.6997 0.0320004 0.997237 -0.0670326 -1.83085 -0.998466 0.0349282 0.042971 55.403
0.0481435 0.0675835 0.996551 37.4675 0.0305291 0.997143 -0.0690984 -1.87817 -0.998374 0.0337505 0.0459426 55.4512
0.0511699 0.0715206 0.996126 38.2203 0.0288468 0.99691 -0.0730588 -1.92814 -0.998273 0.0324734 0.0489487 55.5003
0.0549807 0.0736824 0.995765 38.9925 0.0291462 0.99673 -0.0753631 -1.97982 -0.998062 0.0331663 0.0526533 55.5408
0.0578812 0.0757333 0.995447 39.7631 0.0232715 0.996745 -0.0771852 -2.03208 -0.998052 0.0276331 0.0559303 55.597
0.0602596 0.0747246 0.995382 40.5426 0.0192195 0.996922 -0.0760038 -2.09031 -0.997998 0.0237107 0.058638 55.6636
0.0638271 0.0748522 0.99515 41.3023 0.0219535 0.996837 -0.0763871 -2.14497 -0.997719 0.0267226 0.0619819 55.7176
0.0674453 0.0762113 0.994808 42.1094 0.0198808 0.996778 -0.07771 -2.21061 -0.997525 0.0250187 0.0657128 55.7817
0.0710024 0.0774701 0.994463 42.8945 0.0162866 0.996756 -0.0788115 -2.26023 -0.997343 0.0217923 0.0695103 55.8528
0.0750571 0.0752462 0.994336 43.6845 0.0154138 0.996942 -0.0766069 -2.31642 -0.99706 0.0210764 0.0736678 55.9194
0.0792427 0.0744964 0.994068 44.487 0.0150594 0.997001 -0.0759167 -2.38856 -0.996742 0.0209859 0.0778831 56.003
0.0845626 0.078723 0.993303 45.2561 0.0114501 0.996731 -0.0799695 -2.43767 -0.996352 0.0181359 0.0833848 56.0678
0.0903597 0.087346 0.992071 46.0434 0.00938033 0.996028 -0.0885487 -2.49712 -0.995865 0.0173072 0.0891814 56.1507
0.0976995 0.0917845 0.990974 46.8441 0.00828062 0.995629 -0.093032 -2.56331 -0.995182 0.0172951 0.0965124 56.237
0.104646 0.0950802 0.989954 47.641 0.00331622 0.99538 -0.0959519 -2.62689 -0.994504 0.0133239 0.103847 56.3362
0.111874 0.0931033 0.989351 48.4459 0.000169571 0.9956 -0.0937105 -2.69623 -0.993722 0.0106515 0.111366 56.4393
0.119327 0.0919631 0.988587 49.2553 0.000171836 0.995699 -0.0926455 -2.75897 -0.992855 0.011225 0.118798 56.5459
0.127477 0.0881781 0.987914 50.0825 -0.0004558 0.996045 -0.088845 -2.8314 -0.991841 0.0108754 0.127013 56.647
0.134182 0.0825411 0.987513 50.8917 -0.0024344 0.996549 -0.0829656 -2.90242 -0.990954 0.00872852 0.13392 56.7783
0.141705 0.0753499 0.987037 51.71 -0.00515856 0.997141 -0.0753807 -2.96094 -0.989896 0.00559009 0.141688 56.8961
0.148942 0.0725393 0.986182 52.5084 -0.00584074 0.997353 -0.0724789 -3.03022 -0.988829 0.00503512 0.148972 57.0256
0.155988 0.0743712 0.984955 53.312 -0.00604528 0.997215 -0.0743395 -3.0889 -0.987741 0.00564173 0.156003 57.1651
0.16173 0.0809216 0.983512 54.0929 -0.00561283 0.996692 -0.081083 -3.14728 -0.986819 0.00759328 0.161649 57.2955
0.167071 0.0845349 0.982314 54.8668 -0.00675828 0.996392 -0.084597 -3.20122 -0.985922 0.00749495 0.16704 57.4287
0.172212 0.0870044 0.98121 55.6352 -0.00808081 0.996183 -0.0869138 -3.2715 -0.985027 0.00703858 0.172257 57.5709
0.177052 0.0863792 0.980404 56.4117 -0.0107635 0.996252 -0.0858317 -3.34329 -0.984143 0.00464407 0.177318 57.7274
0.182252 0.0839797 0.979659 57.1793 -0.00769833 0.996437 -0.0839858 -3.40626 -0.983222 0.00776485 0.182249 57.8704
0.186594 0.0773662 0.979386 57.9378 -0.00633477 0.996969 -0.0775482 -3.459 -0.982417 0.0082658 0.186518 58.0195
0.190225 0.0713619 0.979143 58.6896 -0.00842023 0.997437 -0.0710593 -3.51625 -0.981704 0.00527267 0.190339 58.1663
0.193482 0.0677745 0.97876 59.4276 -0.0121047 0.9977 -0.0666931 -3.57536 -0.981029 0.00105634 0.193857 58.3251
0.196488 0.0678824 0.978154 60.1571 -0.0138135 0.997693 -0.0664637 -3.62489 -0.980409 -0.000452392 0.196972 58.479
0.198346 0.0699066 0.977636 60.8692 -0.0154508 0.997552 -0.0681961 -3.67461 -0.98001 -0.0015788 0.198941 58.6362
0.199879 0.0740442 0.977019 61.5708 -0.0196848 0.997243 -0.0715497 -3.72789 -0.979623 -0.00493113 0.200786 58.7899
0.201966 0.0783066 0.976257 62.2564 -0.0207501 0.996917 -0.075671 -3.77657 -0.979173 -0.00497443 0.202969 58.9398
0.203614 0.0836503 0.975471 62.9362 -0.0208801 0.996488 -0.0810941 -3.82689 -0.978829 -0.00385604 0.204645 59.096
0.205198 0.085668 0.974964 63.6144 -0.0206991 0.996319 -0.0831879 -3.88236 -0.978502 -0.00311095 0.206216 59.2417
0.206905 0.0851682 0.974647 64.2862 -0.0223964 0.996355 -0.0823106 -3.93464 -0.978104 -0.00479808 0.208059 59.3874
0.207675 0.0827364 0.974693 64.9649 -0.0229701 0.996554 -0.0796979 -3.98796 -0.977928 -0.00583753 0.20886 59.5394
0.208469 0.0804526 0.974714 65.6214 -0.0230694 0.996738 -0.0773364 -4.03852 -0.977757 -0.00636383 0.209645 59.6798
0.208553 0.0789777 0.974817 66.2665 -0.021921 0.996861 -0.0760739 -4.09082 -0.977765 -0.00550352 0.20963 59.8194
0.20638 0.0784991 0.975318 66.9016 -0.0222 0.996896 -0.0755382 -4.13533 -0.97822 -0.00606249 0.207482 59.9667
0.205096 0.0791839 0.975533 67.5234 -0.0237271 0.996831 -0.0759242 -4.19153 -0.978454 -0.00757483 0.206325 60.0945
0.202549 0.0819448 0.975838 68.1382 -0.0239074 0.99661 -0.0787268 -4.24038 -0.97898 -0.00738377 0.203821 60.2364
0.200606 0.0859107 0.975898 68.7491 -0.0217881 0.996292 -0.0832273 -4.28709 -0.97943 -0.00456709 0.201734 60.3617
0.199216 0.0864344 0.976136 69.3508 -0.0195429 0.996255 -0.0842274 -4.33387 -0.979761 -0.00229705 0.200159 60.4783
0.196534 0.0854629 0.976765 69.9404 -0.0202091 0.996336 -0.083109 -4.37629 -0.980289 -0.00340583 0.197541 60.6074
0.194265 0.0827736 0.977451 70.5222 -0.0207331 0.996557 -0.080271 -4.42207 -0.98073 -0.00467172 0.195313 60.7216
0.192245 0.0783688 0.978213 71.0949 -0.0197318 0.996913 -0.0759891 -4.47426 -0.981149 -0.00469338 0.193198 60.8341
0.190813 0.077504 0.978562 71.6593 -0.0159329 0.996991 -0.0758569 -4.52019 -0.981497 -0.00111688 0.191473 60.9357
0.188954 0.0791015 0.978795 72.2154 -0.0124829 0.996863 -0.0781519 -4.56068 -0.981907 0.00254887 0.189349 61.0401
0.185853 0.0812824 0.97921 72.7569 -0.00870265 0.99667 -0.08108 -4.60075 -0.982539 0.00654722 0.185941 61.1478
0.184404 0.0829921 0.97934 73.3129 -0.00873944 0.996528 -0.082803 -4.64078 -0.982812 0.00671035 0.184489 61.2537
0.183104 0.0855542 0.979364 73.8449 -0.00956681 0.996314 -0.0852463 -4.68264 -0.983047 0.00623952 0.183247 61.3492
0.181961 0.0838573 0.979724 74.3993 -0.00786304 0.996449 -0.0838285 -4.73028 -0.983274 0.0075499 0.181974 61.451
0.18311 0.0827886 0.9796 74.9548 -0.00170196 0.996473 -0.0838965 -4.76488 -0.983091 0.013695 0.182605 61.5418
0.184856 0.0804312 0.979469 75.4977 0.0035549 0.996584 -0.0825076 -4.80881 -0.982759 0.0187339 0.183938 61.6421
0.186839 0.0802132 0.97911 76.0622 0.00600132 0.996549 -0.0827871 -4.85311 -0.982372 0.0213438 0.185713 61.753
0.189452 0.0803015 0.978601 76.6162 0.00293773 0.996599 -0.0823471 -4.89574 -0.981886 0.0184757 0.188572 61.8806
0.19476 0.0810472 0.977497 77.1787 0.00123042 0.996559 -0.0828729 -4.9402 -0.98085 0.0173431 0.19399 62.0057
0.201955 0.0791537 0.976191 77.7197 0.00308286 0.996672 -0.0814522 -4.98674 -0.97939 0.0194591 0.201038 62.1067
0.209715 0.0801387 0.974473 78.2883 0.00125264 0.996613 -0.082229 -5.01846 -0.977762 0.0184653 0.208904 62.235
0.217727 0.07732 0.972942 78.858 0.00165577 0.996826 -0.0795886 -5.07018 -0.976008 0.0189395 0.216908 62.3792
0.226939 0.0770293 0.970858 79.4345 -0.00170038 0.996897 -0.0786978 -5.11415 -0.973908 0.0162087 0.226365 62.5208
0.236047 0.0774408 0.968651 80.0186 -0.00327267 0.996877 -0.0788999 -5.15155 -0.971736 0.015454 0.235564 62.6815
0.245991 0.0809986 0.965882 80.616 -0.00899573 0.99665 -0.0812878 -5.20485 -0.96923 0.0113072 0.245895 62.8448
0.255337 0.0829358 0.963288 81.1942 -0.0118815 0.996508 -0.0826465 -5.24106 -0.966779 0.00965742 0.255431 63.0058
0.266002 0.0858167 0.960145 81.7951 -0.0159565 0.996285 -0.0846262 -5.28527 -0.96384 0.00719018 0.266383 63.1887
0.276022 0.0877112 0.957141 82.4026 -0.017305 0.99612 -0.0862927 -5.33281 -0.960995 0.00725535 0.276469 63.3786
0.286109 0.0883476 0.954115 83.031 -0.0203568 0.996076 -0.0861286 -5.38285 -0.957981 0.00521945 0.286785 63.5779
0.296216 0.088761 0.950988 83.6433 -0.0213904 0.996039 -0.0863032 -5.43157 -0.954881 0.00522239 0.296942 63.7811
0.306816 0.0900532 0.947499 84.299 -0.0258379 0.995935 -0.0862899 -5.47106 -0.951418 0.00199379 0.307896 63.9968
0.317292 0.0854291 0.944472 84.9613 -0.0245924 0.996341 -0.0818589 -5.51002 -0.948009 0.00274629 0.318231 64.2324
0.327961 0.0779755 0.941468 85.6255 -0.0211366 0.996944 -0.0752073 -5.56541 -0.944455 0.00476557 0.328607 64.4633
0.338864 0.0738962 0.937929 86.2813 -0.0199691 0.997251 -0.0713554 -5.61452 -0.940624 0.00545017 0.339408 64.7085
0.349416 0.0702876 0.934327 86.9643 -0.0207338 0.997518 -0.0672874 -5.66518 -0.936738 0.00413916 0.350006 64.9688
0.358403 0.0682768 0.931067 87.6524 -0.0144937 0.997609 -0.0675773 -5.69798 -0.933454 0.0107253 0.358536 65.2432
0.367218 0.0629825 0.928 88.3525 -0.00798867 0.997882 -0.0645641 -5.73578 -0.930101 0.0162956 0.366943 65.5111
0.374306 0.053747 0.925746 89.0727 0.00169888 0.998278 -0.058645 -5.77307 -0.927304 0.0235239 0.37357 65.7908
0.380975 0.0490721 0.923282 89.773 0.00698367 0.998409 -0.0559467 -5.81783 -0.924559 0.0277622 0.380026 66.0847
0.388229 0.0488741 0.920266 90.4802 0.00895332 0.998346 -0.0567978 -5.86594 -0.92152 0.03029 0.387149 66.3866
0.395842 0.0554413 0.916644 91.1927 0.0110759 0.997815 -0.0651338 -5.90107 -0.918252 0.0359353 0.394363 66.6941
0.403029 0.0593202 0.913263 91.898 0.015533 0.99731 -0.0716342 -5.94217 -0.915055 0.0430564 0.401024 66.9969
0.408592 0.0614067 0.910649 92.6044 0.0137653 0.997206 -0.0734196 -5.99058 -0.912613 0.042534 0.406605 67.3141
0.412778 0.0628032 0.908664 93.2984 0.00688108 0.997377 -0.0720605 -6.04541 -0.910806 0.0359975 0.411262 67.6513
0.41658 0.066757 0.906645 93.9836 -0.000219297 0.997308 -0.0733319 -6.09794 -0.909099 0.0303498 0.415473 67.9867
0.420877 0.0699154 0.904419 94.6752 -0.0010158 0.997061 -0.0766042 -6.15242 -0.907117 0.0313222 0.419711 68.3058
0.424872 0.0742276 0.902205 95.3456 -0.00423013 0.996784 -0.080017 -6.2057 -0.905243 0.0301805 0.42382 68.6304
0.428485 0.0768997 0.900271 96.0087 -0.00707803 0.996627 -0.0817615 -6.26339 -0.903521 0.0286614 0.427584 68.9535
0.432082 0.0752211 0.898692 96.6568 -0.00828332 0.996804 -0.0794506 -6.3244 -0.901796 0.026885 0.431324 69.279
0.436623 0.0721712 0.896745 97.3174 -0.00686746 0.997015 -0.0768973 -6.37601 -0.899619 0.0274167 0.435815 69.5971
0.439822 0.0695414 0.895389 97.955 -0.00718339 0.997238 -0.0739231 -6.42731 -0.898056 0.0260811 0.439106 69.9183
0.443521 0.0690382 0.893601 98.5891 -0.00841724 0.997306 -0.0728725 -6.47767 -0.896225 0.0247988 0.442907 70.2408
0.446919 0.0704202 0.891798 99.2001 -0.010612 0.997244 -0.0734284 -6.53394 -0.894512 0.0233528 0.446435 70.554
0.449534 0.0710236 0.890435 99.799 -0.00992771 0.99717 -0.0745251 -6.58552 -0.893208 0.0246616 0.448967 70.8663
0.451859 0.0692466 0.889398 100.41 -0.00722689 0.997234 -0.0739709 -6.62439 -0.89206 0.0269969 0.45111 71.1728
0.453593 0.0681186 0.888602 101.005 -0.00523454 0.997261 -0.0737762 -6.67097 -0.891194 0.028813 0.452707 71.4742
0.455377 0.0679852 0.887699 101.587 -0.00622246 0.997299 -0.073187 -6.71651 -0.890277 0.027804 0.45457 71.7814
0.457392 0.0670063 0.886737 102.16 -0.00457646 0.997321 -0.073002 -6.76729 -0.889253 0.0293324 0.456473 72.0798
0.459749 0.0690449 0.88536 102.724 -0.00576937 0.997184 -0.0747696 -6.81618 -0.88803 0.0292673 0.458853 72.3812
0.462903 0.0688658 0.88373 103.276 -0.00229871 0.997068 -0.0764937 -6.85771 -0.886406 0.0333777 0.461704 72.6611
0.465898 0.0681682 0.882209 103.82 -0.000541057 0.99705 -0.0767562 -6.90393 -0.884838 0.0352832 0.46456 72.9459
0.469276 0.0663865 0.880553 104.36 0.00282675 0.997052 -0.0766761 -6.94708 -0.883047 0.0384713 0.467705 73.2314
0.472441 0.0651054 0.878955 104.887 0.00453147 0.997075 -0.0762904 -6.99142 -0.881351 0.0400256 0.470764 73.5156
0.475526 0.0644283 0.877339 105.401 0.00567768 0.997069 -0.0762981 -7.03453 -0.879683 0.041263 0.473766 73.7991
0.479222 0.0639052 0.875364 105.918 0.00531085 0.997117 -0.0757011 -7.0878 -0.877678 0.0409266 0.477501 74.0775
0.48273 0.0633723 0.873473 106.423 0.00655638 0.997089 -0.0759643 -7.1345 -0.875745 0.0423971 0.480909 74.3489
0.486586 0.0645591 0.871244 106.93 0.00702039 0.996945 -0.0777943 -7.17122 -0.873605 0.0439701 0.484646 74.6449
0.490947 0.0644768 0.8688 107.431 0.00934732 0.99681 -0.079259 -7.21397 -0.871139 0.0470329 0.488779 74.926
0.495644 0.0680908 0.865852 107.924 0.00705891 0.996573 -0.0824115 -7.2581 -0.868497 0.0469588 0.493465 75.2177
0.50123 0.0738969 0.862153 108.41 0.00380246 0.996149 -0.0875926 -7.30149 -0.865306 0.0471824 0.499019 75.5081
0.506892 0.0810914 0.858187 108.89 -0.00167423 0.995656 -0.0930922 -7.34972 -0.862008 0.0457509 0.504826 75.8132
0.512782 0.0875207 0.854046 109.368 -0.00698428 0.995183 -0.0977905 -7.40017 -0.85849 0.0441803 0.510923 76.1083
0.519363 0.0922331 0.849562 109.852 -0.0105926 0.994777 -0.101523 -7.44619 -0.854488 0.0437281 0.517627 76.4171
0.524932 0.0925989 0.846092 110.338 -0.0143768 0.994887 -0.0999638 -7.49126 -0.851023 0.04031 0.523579 76.7298
0.530245 0.0919482 0.842844 110.827 -0.0212894 0.995232 -0.0951792 -7.54227 -0.847577 0.0325246 0.529674 77.0558
0.535562 0.089177 0.839774 111.325 -0.0273984 0.99572 -0.0882639 -7.59907 -0.844051 0.0242623 0.535713 77.4099
0.541544 0.0873593 0.836121 111.83 -0.0338178 0.996045 -0.0821651 -7.6509 -0.839992 0.0162203 0.542356 77.757
0.54758 0.0854303 0.832381 112.338 -0.0364697 0.996266 -0.0782589 -7.697 -0.835958 0.0124963 0.548651 78.1059
0.553694 0.0890549 0.827945 112.845 -0.0417098 0.995983 -0.0792356 -7.74207 -0.831675 0.00933889 0.555184 78.4687
0.559669 0.0932137 0.823457 113.367 -0.0458623 0.995615 -0.081531 -7.78519 -0.827446 0.00786476 0.56149 78.8379
0.566212 0.0965793 0.818582 113.893 -0.0483527 0.995293 -0.0839829 -7.82608 -0.82284 0.00797147 0.568217 79.2105
0.572574 0.0986773 0.813893 114.424 -0.0507486 0.995092 -0.0849445 -7.87215 -0.818281 0.00733314 0.574772 79.595
0.578466 0.0995067 0.809614 114.976 -0.0537271 0.995024 -0.0839069 -7.92327 -0.813935 0.00503906 0.580934 80.0126
0.584921 0.101901 0.804663 115.53 -0.0598649 0.994794 -0.0824628 -7.96884 -0.808878 6.31623e-05 0.587977 80.4314
0.592078 0.0996267 0.799699 116.085 -0.059928 0.995025 -0.0795912 -8.01836 -0.803649 -0.000800148 0.595103 80.8588
0.599339 0.097741 0.794505 116.656 -0.0606435 0.995209 -0.0766851 -8.0708 -0.798195 -0.00222118 0.602395 81.3044
0.606968 0.0978511 0.788679 117.229 -0.0609839 0.9952 -0.0765408 -8.11723 -0.792383 -0.00163894 0.610021 81.757
0.614337 0.0999871 0.782683 117.795 -0.0656551 0.994976 -0.075574 -8.16866 -0.786308 -0.00495925 0.617815 82.2361
0.621924 0.100863 0.776555 118.391 -0.066521 0.994891 -0.0759461 -8.21315 -0.780247 -0.00442459 0.625455 82.7267
0.628682 0.101502 0.77101 118.981 -0.0683463 0.994821 -0.0752363 -8.25803 -0.774654 -0.00539601 0.632363 83.2307
0.634025 0.10051 0.766753 119.581 -0.0682928 0.994921 -0.0739486 -8.30744 -0.770291 -0.00547844 0.637669 83.7348
0.637708 0.0995624 0.763816 120.19 -0.0672567 0.995021 -0.0735472 -8.35055 -0.767336 -0.0044701 0.64123 84.2589
0.641602 0.0968015 0.760905 120.822 -0.0638571 0.995302 -0.0727764 -8.40883 -0.764375 -0.00189572 0.644769 84.7829
0.644964 0.092962 0.758538 121.446 -0.0583936 0.995667 -0.0723727 -8.45999 -0.761979 0.002384 0.647598 85.3243
0.648956 0.0866262 0.755878 122.085 -0.0505399 0.996211 -0.0707783 -8.50941 -0.759145 0.00773002 0.650875 85.8642
0.652858 0.0804731 0.753193 122.729 -0.0445802 0.996699 -0.0678483 -8.56411 -0.756167 0.0107178 0.654291 86.4186
0.655859 0.0756248 0.751086 123.377 -0.0394386 0.997043 -0.0659512 -8.60946 -0.753853 0.0136328 0.656902 86.977
0.659477 0.0742941 0.748045 124.022 -0.0392213 0.997149 -0.0644571 -8.65904 -0.750701 0.0131688 0.660511 87.5507
0.661968 0.0755155 0.745718 124.653 -0.0397073 0.997048 -0.0657187 -8.71023 -0.74848 0.0138932 0.663012 88.1344
0.664958 0.0803588 0.742545 125.283 -0.0456705 0.996709 -0.0669662 -8.76263 -0.745483 0.0106173 0.66644 88.7202
0.668152 0.0842784 0.739236 125.933 -0.0521409 0.996425 -0.0664727 -8.80466 -0.742195 0.0058695 0.670158 89.3156
0.671229 0.0811515 0.736794 126.584 -0.0522683 0.996697 -0.0621604 -8.85058 -0.739405 0.00321291 0.673254 89.9208
0.674799 0.0785764 0.733807 127.239 -0.0555031 0.996903 -0.055709 -8.89554 -0.735912 -0.00313623 0.67707 90.536
0.677972 0.0728344 0.73147 127.891 -0.0546798 0.997319 -0.048625 -8.93785 -0.733051 -0.00703023 0.680137 91.1644
0.682596 0.0685745 0.727571 128.539 -0.0523338 0.997618 -0.0449281 -8.97952 -0.72892 -0.00740887 0.684559 91.7828
0.687276 0.0655547 0.723432 129.196 -0.0463916 0.997848 -0.0463482 -9.01477 -0.724913 -0.00170714 0.688838 92.405
0.692211 0.0623428 0.718998 129.844 -0.0357608 0.998001 -0.0521061 -9.05482 -0.720809 0.0103564 0.693057 93.0314
0.697587 0.0642878 0.71361 130.493 -0.0304626 0.997727 -0.0601048 -9.10109 -0.715852 0.0201899 0.69796 93.6622
0.703284 0.0644381 0.707982 131.135 -0.0273146 0.997597 -0.0636645 -9.14476 -0.710384 0.025436 0.703355 94.2955
0.709464 0.0601109 0.702174 131.788 -0.0248162 0.997869 -0.0603506 -9.1903 -0.704305 0.0253913 0.709443 94.9493
0.715065 0.054422 0.696937 132.431 -0.0201522 0.998155 -0.0572671 -9.2423 -0.698768 0.0269049 0.714842 95.6105
0.720042 0.0518075 0.691994 133.067 -0.0163135 0.998197 -0.0577573 -9.29399 -0.693739 0.0302988 0.719589 96.2879
0.724766 0.0530463 0.68695 133.708 -0.0131747 0.997916 -0.0631592 -9.34479 -0.68887 0.0367253 0.723954 96.976
0.728629 0.0547646 0.682716 134.34 -0.0144219 0.997804 -0.0646478 -9.39256 -0.684757 0.0372582 0.727819 97.6448
0.731901 0.0521065 0.679416 134.977 -0.012214 0.997915 -0.0633756 -9.44648 -0.681302 0.0380863 0.731011 98.3305
0.734448 0.0464476 0.677073 135.611 -0.00834736 0.998198 -0.0594222 -9.49196 -0.678613 0.0379907 0.733512 99.0143
0.73523 0.0427369 0.676469 136.243 -0.00575963 0.998368 -0.0568134 -9.54423 -0.677793 0.0378747 0.734276 99.7261
0.736281 0.0382093 0.675597 136.874 -0.00312968 0.998586 -0.0530656 -9.605 -0.676669 0.0369568 0.735359 100.386
0.736938 0.036291 0.674985 137.52 -0.000995051 0.998615 -0.0526048 -9.63032 -0.67596 0.0380948 0.735953 101.087
0.736787 0.036116 0.675159 138.154 -0.00158906 0.998662 -0.0516869 -9.67247 -0.676123 0.0370094 0.735859 101.787
0.736148 0.0387808 0.675708 138.785 -0.00372869 0.998574 -0.0532488 -9.71963 -0.67681 0.0366795 0.735243 102.477
0.735091 0.0425522 0.676632 139.426 -0.007328 0.998469 -0.0548308 -9.76113 -0.677929 0.0353473 0.734277 103.187
0.732688 0.0469034 0.678947 140.055 -0.0118432 0.99835 -0.0561879 -9.81756 -0.680462 0.0331273 0.732034 103.908
0.730539 0.049755 0.681055 140.687 -0.0161143 0.99832 -0.0556478 -9.86553 -0.68268 0.0296782 0.730114 104.607
0.728113 0.0512698 0.683537 141.325 -0.0182295 0.998294 -0.0554603 -9.91035 -0.685214 0.0279209 0.727806 105.306
0.725911 0.0504719 0.685935 141.96 -0.0190279 0.998396 -0.0533264 -9.96091 -0.687526 0.0256583 0.725707 105.982
0.723512 0.0490827 0.688565 142.607 -0.0199988 0.998541 -0.0501647 -10.0048 -0.690022 0.0225243 0.723438 106.671
0.720934 0.0450143 0.69154 143.258 -0.0157909 0.998696 -0.0485459 -10.0503 -0.692824 0.0240783 0.720705 107.344
0.718219 0.0490716 0.694085 143.901 -0.0163432 0.998425 -0.0536768 -10.1009 -0.695625 0.0272082 0.717889 108.015
0.714589 0.0595861 0.697002 144.527 -0.0220827 0.997791 -0.0626604 -10.1459 -0.699196 0.0293848 0.714326 108.679
0.710685 0.0666115 0.70035 145.15 -0.0252914 0.997283 -0.0691887 -10.198 -0.703056 0.0314586 0.710438 109.341
0.70691 0.0652058 0.704292 145.787 -0.0267025 0.997492 -0.0655494 -10.246 -0.7068 0.0275312 0.706878 109.995
0.703045 0.063766 0.708281 146.432 -0.0300332 0.997746 -0.0600151 -10.3027 -0.710511 0.0209214 0.703375 110.651
0.699437 0.0622796 0.711975 147.07 -0.0322723 0.997932 -0.0555896 -10.3496 -0.713965 0.0159044 0.700001 111.297
0.695718 0.0620334 0.715631 147.696 -0.0317714 0.997947 -0.0556182 -10.3982 -0.717612 0.015958 0.696261 111.92
0.693444 0.0602016 0.717991 148.372 -0.0297838 0.998047 -0.054918 -10.4501 -0.719894 0.0166981 0.693883 112.56
0.690302 0.0594499 0.721075 149.019 -0.026043 0.998014 -0.0573509 -10.499 -0.723053 0.0208105 0.69048 113.18
0.686756 0.0588729 0.7245 149.669 -0.0226645 0.997964 -0.0596108 -10.5464 -0.726535 0.0245176 0.686692 113.795
0.68296 0.0602206 0.72797 150.327 -0.0202992 0.997776 -0.0634959 -10.5935 -0.730174 0.0285879 0.682663 114.419
0.678619 0.0598146 0.732051 150.976 -0.020342 0.997827 -0.0626735 -10.6537 -0.734209 0.0276401 0.678361 115.036
0.674812 0.0617588 0.735401 151.654 -0.0224414 0.997749 -0.0631982 -10.6981 -0.737649 0.0261435 0.674678 115.665
0.670278 0.0607448 0.73962 152.317 -0.0208282 0.997792 -0.0630729 -10.7429 -0.741818 0.0268714 0.670063 116.258
0.664481 0.0632046 0.744628 152.988 -0.0229931 0.997674 -0.0641652 -10.7909 -0.746951 0.0255153 0.664389 116.866
0.658485 0.0699279 0.749338 153.656 -0.0256227 0.99718 -0.0705402 -10.8316 -0.752157 0.0272496 0.65842 117.465
0.651971 0.0760613 0.754419 154.335 -0.0294013 0.996744 -0.075084 -10.8944 -0.757674 0.0267717 0.652084 118.074
0.645845 0.0785233 0.75942 155.031 -0.0292663 0.996512 -0.078149 -10.9519 -0.762907 0.0282468 0.645891 118.668
0.639045 0.0731256 0.765685 155.731 -0.0301295 0.997086 -0.070079 -11.0089 -0.768579 0.0217139 0.639386 119.259
0.631998 0.0689714 0.771895 156.441 -0.0356664 0.997565 -0.0599335 -11.0622 -0.774149 0.0103471 0.632919 119.856
0.624744 0.0644038 0.778169 157.164 -0.0354039 0.997904 -0.0541662 -11.117 -0.780026 0.00628988 0.625715 120.453
0.617563 0.0657869 0.783765 157.893 -0.0402734 0.997833 -0.052022 -11.1558 -0.78549 0.000561954 0.618874 121.036
0.609564 0.0670092 0.7899 158.621 -0.0387488 0.997749 -0.0547392 -11.1994 -0.79179 0.0027594 0.610788 121.606
0.602926 0.0668865 0.794988 159.363 -0.0329376 0.997717 -0.0589629 -11.2469 -0.797117 0.00936527 0.603752 122.169
0.595987 0.0757224 0.799416 160.12 -0.0322385 0.996998 -0.070403 -11.2959 -0.802347 0.0161873 0.596639 122.738
0.588853 0.0767279 0.80459 160.886 -0.0283027 0.996831 -0.0743467 -11.3501 -0.807744 0.0210072 0.589159 123.291
0.581745 0.0726967 0.810116 161.647 -0.0257983 0.997146 -0.0709542 -11.4154 -0.812962 0.0203776 0.58196 123.838
0.574588 0.0665708 0.815731 162.413 -0.0211662 0.997562 -0.0665007 -11.4724 -0.818169 0.0209446 0.574596 124.375
0.567376 0.0658307 0.820823 163.178 -0.0205764 0.997622 -0.0657871 -11.53 -0.823201 0.0204365 0.567381 124.912
0.560353 0.0674094 0.825506 163.944 -0.0219392 0.997541 -0.0665651 -11.5849 -0.827963 0.019189 0.560454 125.44
0.554471 0.0655241 0.82962 164.704 -0.0177969 0.997601 -0.066897 -11.6455 -0.832013 0.0223278 0.554307 125.945
0.549441 0.0592867 0.833426 165.465 -0.0123859 0.997948 -0.0628246 -11.703 -0.835441 0.0241956 0.549048 126.439
0.544349 0.0569811 0.836922 166.214 -0.012287 0.998125 -0.0599648 -11.7552 -0.838769 0.0223584 0.544028 126.933
0.539986 0.0559466 0.839813 166.967 -0.0139252 0.998246 -0.0575474 -11.811 -0.841559 0.0193802 0.539818 127.426
0.535149 0.0577668 0.842781 167.706 -0.0138462 0.998125 -0.0596225 -11.8638 -0.844644 0.0202376 0.534945 127.895
0.531557 0.0603317 0.844871 168.444 -0.0124821 0.99791 -0.0634068 -11.9151 -0.84693 0.0231586 0.531199 128.364
0.528682 0.0660989 0.846242 169.172 -0.0130435 0.997478 -0.0697629 -11.968 -0.84872 0.0258445 0.528211 128.815
0.525225 0.0689073 0.848169 169.889 -0.0152832 0.997319 -0.0715605 -12.0188 -0.850826 0.0246226 0.52487 129.266
0.522501 0.064161 0.850221 170.625 -0.0146792 0.997694 -0.0662688 -12.0755 -0.852512 0.022145 0.522238 129.729
