1 0 0 0 0 1 0 0 0 0 1 0
1 5.97997e-06 8.92e-05 -0.000110005 -5.97997e-06 1 0.0001268 -0.000109008 -8.92e-05 -0.0001268 1 5.86763e-05
1 0.000121438 -3.9192e-05 3.91875e-05 -0.000121438 1 -9.94055e-05 6.25828e-05 3.9192e-05 9.94055e-05 1 0.000136711
1 0.000226056 -9.22891e-05 0.000172 -0.000226043 1 8.28084e-05 -0.000172 9.23227e-05 -8.2771e-05 1 6.39342e-06
1 0.000168034 6.81104e-06 -9.60039e-05 -0.000168034 1 -0.000119907 0.000239996 -6.81104e-06 0.000119907 1 2.7722e-05
1 0.000282026 0.000157038 3.99708e-05 -0.000282048 1 0.000156767 -0.000191043 -0.000156997 -0.000156808 1 0.000340679
1 0.000393967 0.000307117 0.000176146 -0.000394112 1 0.000434718 -0.000622082 -0.000306931 -0.000434849 1 0.000652637
1 -5.54584e-05 0.000687011 0.000126507 5.57911e-05 1 -0.000473176 0.000412014 -0.000686984 0.000473215 1 -0.000105736
1 0.000742045 2.15145e-05 0.000149778 -0.000742049 1 0.000178759 5.85694e-05 -2.13788e-05 -0.000178775 1 0.000247721
1 0.000311873 0.000607095 -0.000236044 -0.000312173 1 0.000484691 -0.000819071 -0.000606941 -0.000484884 1 0.000549575
1 0.000166613 0.000231027 8.97104e-06 -0.000166661 1 0.000264778 -0.000482045 -0.000230992 -0.000264808 1 0.000357639
1 0.000210035 7.77539e-05 -0.000222015 -0.000209989 1 -0.000519218 0.000863984 -7.78759e-05 0.0005192 1 0.00011179
1 -4.95687e-05 9.4197e-05 -5.60066e-05 4.95687e-05 1 -6.01975e-05 3.00905e-05 -9.4197e-05 6.01975e-05 1 7.16989e-05
1 0.000206028 0.000437004 0.000205954 -0.000205989 1 -8.98523e-05 7.87356e-05 -0.000437023 8.97634e-05 1 0.000515728
1 0.000460032 0.000781002 0.000467914 -0.000459938 1 -0.000119557 0.00012738 -0.000781057 0.000119199 1 0.000961758
0.999993 0.000357452 0.00379104 0.000448937 -0.00035816 1 0.000186116 0.000404917 -0.00379097 -0.000187473 0.999993 0.000676791
1 -0.000465843 0.000347228 -0.00242995 0.000466221 0.999999 -0.0011211 0.00157008 -0.00034672 0.00112126 0.999999 -0.000718317
1 -0.000945907 -0.000133649 0.00139995 0.00094596 0.999999 0.000394778 -0.00230008 0.000133274 -0.000394905 1 0.000692532
1 -0.000564365 -0.000774735 -0.000403033 0.000563549 0.999999 -0.0010454 0.00151996 0.000775329 0.00104496 0.999999 0.000273857
0.999998 -0.00104535 -0.00163215 -0.00062906 0.00104251 0.999998 -0.00173601 0.00270993 0.00163397 0.0017343 0.999997 0.000492989
1 -0.0006618 -0.000657147 0.00022189 0.000662007 1 0.000320614 0.00061385 0.000656939 -0.000321041 1 0.0011918
0.999999 -0.000797705 -0.00071526 0.000638768 0.000798078 1 0.000514544 0.00111968 0.000714844 -0.000515122 1 0.0025319
1 -0.000181177 0.000150965 -0.000792995 0.000181139 1 0.000264822 0.000112724 -0.00015101 -0.000264796 1 -6.96562e-05
1 -0.000184939 -0.000355097 0.000663031 0.000185257 1 0.000882774 -0.000100953 0.000354931 -0.00088284 1 -0.000339254
0.999999 -0.000886291 0.000592422 -0.000979968 0.000885598 0.999999 0.0011811 -0.00149997 -0.000593457 -0.00118058 0.999999 -0.000262578
1 -0.00037556 -0.000715192 0.000620976 0.00037619 1 0.000890681 -0.000771037 0.000714861 -0.000890947 0.999999 0.000317657
0.999999 -0.000622634 -0.00138557 0.00169998 0.00062496 0.999998 0.00167039 -0.00218004 0.00138452 -0.00167126 0.999998 0.000394574
1 6.99379e-05 0.000454982 -0.00197001 -6.96191e-05 1 -0.000731217 0.00174998 -0.000455031 0.000731186 1 4.27473e-05
1 0.0009821 -0.000221994 0.000560991 -0.000982034 0.999999 0.000302861 -0.000436013 0.000222283 -0.00030265 1 0.000124694
1 -0.000393953 -0.000288413 0.000197183 0.000393936 1 -6.30392e-05 -0.000580885 0.000288437 6.29274e-05 1 -0.000893356
1 0.000217954 0.000471045 -0.000598046 -0.000218092 1 0.00029074 -0.000448073 -0.000470981 -0.000290844 1 0.00054459
1 -0.000118983 -1.63762e-05 0.000467998 0.000118974 1 -0.000439196 0.000579005 1.64363e-05 0.000439194 1 -1.52847e-05
1 0.000115628 0.000101208 0.00012109 -0.000115628 1 -0.000127161 9.52879e-05 -0.000101208 0.000127161 1 0.000100723
1 8.58394e-05 -5.53943e-05 5.90193e-05 -8.58394e-05 1 -9.3804e-05 0.000119579 5.53943e-05 9.3804e-05 1 -0.00022528
1 0.000172635 0.00014099 1.80912e-05 -0.000172599 1 -0.000313417 0.000394991 -0.000141034 0.000313397 1 7.27518e-05
1 1.86309e-05 1.44017e-05 9.9394e-05 -1.86309e-05 1 -0.000184801 9.46929e-05 -1.44017e-05 0.000184801 1 6.07209e-05
1 -0.000135355 -0.000113208 0.000180597 0.000135355 1 -5.63943e-05 -0.000206005 0.000113208 5.63943e-05 1 4.86899e-05
1 7.75284e-06 -5.16002e-05 -0.000129967 -7.75284e-06 1 0.0002148 -0.000522958 5.16002e-05 -0.0002148 1 -0.000337378
1 9.3221e-05 0.000329005 -0.000452018 -9.32158e-05 1 -1.54188e-05 -2.40282e-05 -0.000329007 1.53876e-05 1 0.000200657
1 0.000300039 -0.000246794 0.00042598 -0.000300061 1 -0.000128888 0.000275976 0.000246767 0.00012894 1 0.000208773
1 -0.000122811 -0.000113569 0.00045998 0.000122742 1 -0.000539203 0.000637979 0.000113643 0.000539187 1 0.000185822
1 3.06032e-05 0.000299004 -0.000809007 -3.06538e-05 1 0.000168795 -0.00058302 -0.000298999 -0.000168804 1 0.000119554
1 -9.52893e-05 0.000560974 -0.00151 9.50648e-05 1 0.000418831 -0.00119002 -0.000561012 -0.00041878 1 7.14143e-05
1 0.000314087 -3.98677e-05 -0.000158028 -0.000314058 1 0.000668793 -0.00116005 4.00964e-05 -0.000668779 1 0.000396538
1 0.000143433 2.51836e-05 -5.40185e-05 -0.000143423 1 -0.000236009 0.000377976 -2.5236e-05 0.000236004 1 0.000182743
1 0.000113435 0.000146993 -0.000281024 -0.000113396 1 -0.000351211 0.00064197 -0.000147023 0.000351198 1 0.000225757
1 0.000300042 0.000274991 -0.000406062 -0.00029999 1 -0.000147145 0.000281911 -0.000275048 0.00014704 1 0.0006777
1 0.000208038 7.51881e-05 -0.000190012 -0.00020802 1 -0.000142862 0.000311985 -7.52392e-05 0.000142836 1 0.000112723
1 0.000118442 -0.000125192 2.57381e-05 -0.000118442 1 -0.000138586 0.000342058 0.000125192 0.000138586 1 -0.000451254
1 4.38464e-05 -0.000126797 0.000372015 -4.38464e-05 1 -3.68023e-05 -9.29771e-05 0.000126797 3.68023e-05 1 -0.000162279
1 7.5843e-05 -0.000128595 6.9008e-05 -7.5843e-05 1 -0.000116804 0.000103733 0.000128595 0.000116804 1 -9.67807e-05
1 6.96133e-05 -0.000192805 0.000184409 -6.96675e-05 1 -0.000266197 0.000342016 0.000192785 0.000266211 1 -0.00012024
1 0.000563964 -0.00020913 -5.09605e-05 -0.000564088 1 -0.000615169 2.13563e-05 0.000208795 0.000615283 1 -0.000445302
1 0.000451882 0.000691113 -0.00135994 -0.000452143 1 0.000370623 -0.00232994 -0.000690942 -0.000370941 1 -0.000531717
1 0.000161505 0.000168864 -0.000106973 -0.000161187 0.999998 -0.00186922 -0.000470966 -0.000169168 0.00186919 0.999998 -0.000275369
1 0.00013493 0.000246923 -0.000537952 -0.000134603 0.999999 -0.00129122 -0.00066194 -0.000247101 0.00129119 0.999999 -0.000494432
1 8.32095e-05 2.27694e-05 0.00010057 -8.31883e-05 1 -0.000891204 0.000184002 -2.28465e-05 0.000891202 1 -1.31676e-05
1 3.17893e-05 -0.000201203 0.000739952 -3.18724e-05 1 -0.000493199 0.00102994 0.00020119 0.000493205 1 0.000468897
1 -0.000836046 -0.000163531 0.000171331 0.00083592 0.999999 -0.000757232 -0.00109996 0.00016417 0.000757094 1 -0.000278425
1 7.28333e-05 6.31928e-05 -0.000354947 -7.28111e-05 1 -0.000309206 -0.000804934 -6.32183e-05 0.0003092 1 -0.000537434
1 0.000382072 0.000484964 -0.00142998 -0.000381917 1 -0.000329306 -0.000476981 -0.000485087 0.000329125 1 -0.000217488
1 0.000128224 -3.80982e-06 -0.000372961 -0.000128225 1 -0.000355206 -0.000513951 3.77175e-06 0.000355206 1 -0.000399399
1 -0.000125029 -0.000492986 0.000684055 0.000124862 1 -0.000381223 -0.000551922 0.000493028 0.000381169 1 -0.000582309
1 0.000268026 0.000169026 -0.000641932 -0.000268037 1 5.73626e-05 -0.00129992 -0.000169008 -5.74146e-05 1 -0.000672523
1 6.35785e-05 -4.32242e-05 -0.00018999 -6.36208e-05 1 -0.000967201 -0.00109 4.31619e-05 0.000967204 1 -4.32556e-05
1 -0.000140887 -0.000255863 0.000261953 0.000140377 0.999998 -0.00199321 -0.000888073 0.000256143 0.00199317 0.999998 0.00058561
1 0.000324065 -0.000138159 0.000886075 -0.000324047 1 0.000164803 -0.00289991 0.000138201 -0.000164768 1 -0.00065359
1 -3.97728e-05 3.84049e-05 -7.49827e-05 3.97849e-05 1 -0.000369198 -0.000939984 -3.83923e-05 0.000369199 1 -0.000131426
1 0.000338054 0.000130834 -0.000352004 -0.000337906 0.999999 -0.00115524 0.000377996 -0.000131215 0.00115519 0.999999 1.55168e-05
1 0.000714153 0.000222364 -0.000630024 -0.000713724 0.999998 -0.00194331 0.00168998 -0.000223738 0.00194315 0.999998 0.000161859
1 -0.000115291 -0.000370966 0.000421061 0.00011504 1 -0.000651218 -0.00155992 0.000371044 0.000651174 1 -0.000584461
1 -0.00032795 -0.000569008 0.00119006 0.000327904 1 -7.3089e-05 -0.00190992 0.000569034 7.28852e-05 1 -0.000541437
1 0.000162908 0.000276938 -0.000929919 -0.000162654 1 -0.000929228 -0.0015199 -0.000277088 0.000929184 1 -0.000806576
1 2.92142e-05 -0.000759039 0.00122007 -3.18536e-05 0.999994 -0.00346718 0.000294104 0.000758932 0.0034672 0.999994 -0.000761154
1 -9.87047e-05 -1.64621e-05 -0.000319969 9.8659e-05 0.999996 -0.00276719 -0.000665964 1.67339e-05 0.00276719 0.999996 -0.000299413
1 5.07687e-05 2.81519e-05 -0.000480949 -5.0704e-05 0.999997 -0.0022872 -0.000709936 -2.82682e-05 0.0022872 0.999997 -0.000528433
1 0.000200021 7.30365e-05 -0.000642928 -0.000199888 0.999998 -0.00181321 -0.000754907 -7.33996e-05 0.0018132 0.999998 -0.000757453
0.999999 -0.000297265 -0.00100064 0.00163011 0.00029475 0.999997 -0.00250733 -0.00153985 0.00100138 0.00250704 0.999996 -0.00110835
1 0.000127819 -3.68086e-05 -0.000411032 -0.000127949 0.999994 -0.00354719 0.00110996 3.63537e-05 0.0035472 0.999994 0.000290805
1 -0.00066247 -0.000456381 -0.000283909 0.000661565 0.999998 -0.00195932 -0.00175989 0.000457691 0.00195902 0.999998 -0.000902549
1 -0.000264218 -0.000226382 0.000451058 0.000263825 0.999998 -0.00171322 -0.00154993 0.000226841 0.00171316 0.999999 -0.000552457
1 0.000367896 -6.59249e-05 0.000316037 -0.000368022 0.999998 -0.0019092 -0.000909953 6.52168e-05 0.00190923 0.999998 -0.000353388
1 -6.02164e-05 -0.000438943 0.000810097 5.94119e-05 0.999998 -0.00184521 -0.00170987 0.000439053 0.00184518 0.999998 -0.000978445
1 -0.000488708 -0.000812593 0.00130016 0.000487267 0.999998 -0.00178338 -0.00250979 0.000813457 0.00178298 0.999998 -0.0016085
1 -0.000364253 -0.000252688 -1.39185e-05 0.000363795 0.999998 -0.00180123 -0.0019499 0.000253347 0.00180114 0.999998 -0.000785549
1 0.000130233 -0.000109725 -0.000338892 -0.000130469 0.999998 -0.0021472 -0.00233987 0.000109445 0.00214721 0.999998 -0.00105863
1 -0.00052646 -0.000396457 5.12114e-06 0.000525601 0.999997 -0.00216728 -0.00182984 0.000397596 0.00216707 0.999998 -0.00123853
1 -0.000828671 -0.000471948 5.09244e-08 0.000827419 0.999996 -0.00262736 -0.00124994 0.000474139 0.00262696 0.999996 -0.000488459
1 -0.000766547 -0.000484217 -0.000327886 0.000765502 0.999997 -0.00216735 -0.00233986 0.000485866 0.00216698 0.999998 -0.00111863
1 -0.000704433 -0.000498434 -0.000654824 0.000703575 0.999998 -0.00171734 -0.00342978 0.000499644 0.00171699 0.999998 -0.00174879
0.999999 -0.00108199 -0.00117726 0.00127007 0.00107807 0.999994 -0.00332778 -0.000880897 0.00118085 0.00332651 0.999994 -0.000748299
1 0.000763999 5.87029e-05 -0.000580962 -0.00076385 0.999997 -0.00248725 -0.00258997 -6.06089e-05 0.00248721 0.999997 -0.000257681
1 -0.000174887 -0.000267236 -0.000121882 0.00017437 0.999998 -0.00191921 -0.00245985 0.000267574 0.00191917 0.999998 -0.00115862
1 0.000873863 -0.000181553 0.000631141 -0.000874117 0.999999 -0.00137716 -0.00402983 0.000180328 0.00137732 0.999999 -0.00130876
0.999999 -0.00117463 -0.000730037 -0.000257918 0.00117335 0.999998 -0.00176957 -0.00316991 0.0007321 0.00176872 0.999998 -0.000706726
0.999998 -0.00149407 -0.00104286 -8.89891e-06 0.00149374 0.999999 -0.000313125 -0.0050899 0.00104333 0.000311548 0.999999 -0.000794948
1 0.000107256 0.000104455 -0.0010499 -0.000106942 0.999995 -0.0030072 -0.00160988 -0.000104776 0.00300719 0.999995 -0.000988598
0.999999 -0.000358688 -0.00100009 0.00189005 0.000353556 0.999987 -0.00512733 -0.000175917 0.00100191 0.00512697 0.999986 -0.000562154
0.999999 -0.00120157 -0.00109336 0.000212114 0.00119846 0.999995 -0.0028478 -0.00223986 0.00109677 0.00284649 0.999995 -0.00112857
0.999999 -0.00118364 -0.00121547 1.42413e-05 0.00118036 0.999996 -0.00268787 -0.00281982 0.00121866 0.00268642 0.999996 -0.00139866
1 -0.000140051 0.000509318 0.000600102 0.000142332 0.99999 -0.00448713 -0.00349988 -0.000508686 0.00448721 0.99999 -0.000914692
0.999992 -0.0016256 0.00363575 6.32203e-05 0.00164728 0.999981 -0.00596407 -0.00391986 -0.00362598 0.00597001 0.999976 -0.00108879
0.999979 -0.00180057 0.00625778 -0.000550857 0.00184874 0.999969 -0.0077012 -0.00425984 -0.00624372 0.00771261 0.999951 -0.00131889
0.999974 -0.00297762 0.00664379 -0.00156995 0.00303573 0.999957 -0.0087568 -0.00818001 -0.00661744 0.00877673 0.99994 2.49198e-05
0.999955 -0.00495899 0.00809986 -0.00327003 0.00505444 0.999918 -0.0118061 -0.00999014 -0.00804065 0.0118465 0.999897 0.000960138
0.999938 -0.00756829 0.0081424 -0.00177047 0.00776409 0.999675 -0.0242916 -0.0141908 -0.00795591 0.0243534 0.999672 0.00624974
0.999905 -0.0106172 0.00881117 -0.00229073 0.0109116 0.99936 -0.0340687 -0.0193912 -0.00844383 0.0341616 0.999381 0.00950903
0.999905 -0.00926851 0.0101914 -0.00437108 0.00966004 0.99919 -0.0390626 -0.0282918 -0.00982106 0.0391573 0.999185 0.0140377
0.999895 -0.00800237 0.0121057 -0.00709134 0.00852615 0.999002 -0.0438541 -0.0360923 -0.0117427 0.0439527 0.998965 0.0174365
0.999804 -0.017992 0.00831456 -0.00868163 0.0183977 0.998498 -0.0516154 -0.0556929 -0.00737342 0.0517582 0.998632 0.0220338
0.999766 -0.02018 0.0078515 -0.0120919 0.0205993 0.998127 -0.0575974 -0.0727934 -0.00667447 0.0577457 0.998309 0.0264314
0.999725 -0.0226243 0.00618331 -0.0139921 0.0229837 0.997552 -0.0660489 -0.0904939 -0.00467386 0.0661728 0.997797 0.0297289
0.999676 -0.0250626 0.00450755 -0.0158923 0.0253287 0.996904 -0.07444 -0.107894 -0.00262794 0.07453 0.997215 0.0332266
0.999731 -0.0224226 0.00589905 -0.0171924 0.0227801 0.997298 -0.0698434 -0.129895 -0.00431704 0.069959 0.997541 0.0355236
0.999752 -0.0214074 0.0060738 -0.0184926 0.0217924 0.99712 -0.0726365 -0.147895 -0.00450135 0.0727509 0.99734 0.0390212
0.999784 -0.0197004 0.00657493 -0.0193927 0.0201067 0.997425 -0.0688472 -0.159895 -0.00520166 0.0689645 0.997606 0.0411196
0.999804 -0.0187133 0.0063984 -0.020393 0.0190975 0.997606 -0.0664581 -0.173896 -0.00513942 0.0665673 0.997769 0.0454178
0.999821 -0.0173618 0.00758069 -0.0228936 0.0178467 0.997426 -0.0694442 -0.164897 -0.00635552 0.069567 0.997557 0.0520187
0.999847 -0.0154438 0.00824249 -0.0244942 0.0159679 0.997568 -0.0678502 -0.162898 -0.00717457 0.0679714 0.997661 0.0581188
0.999861 -0.0145692 0.00810984 -0.0258947 0.0150835 0.997608 -0.0674558 -0.156898 -0.00710768 0.0675688 0.997689 0.0638194
0.999859 -0.0152567 0.00702911 -0.0248953 0.0156784 0.997797 -0.0644687 -0.154899 -0.00603004 0.0645698 0.997895 0.0695198
0.999855 -0.0159609 0.00594682 -0.0237958 0.0162966 0.997975 -0.0614812 -0.1539 -0.00495348 0.0615692 0.998091 0.07532
0.99982 -0.0175722 0.0071395 -0.0290962 0.0179705 0.998024 -0.0602075 -0.1499 -0.00606742 0.060325 0.99816 0.07972
0.999781 -0.0205022 0.00411621 -0.0285965 0.0207143 0.997942 -0.0606883 -0.152901 -0.0028635 0.0607603 0.998148 0.0827197
0.999809 -0.0188694 0.00502587 -0.0310966 0.019116 0.998323 -0.0546374 -0.155901 -0.00398645 0.0547231 0.998494 0.0850191
0.999835 -0.0174839 0.00493783 -0.0302969 0.0177412 0.998157 -0.0580336 -0.155901 -0.00391408 0.0581117 0.998302 0.0875192
0.999865 -0.0153781 0.00576292 -0.0313972 0.0156907 0.998145 -0.0588303 -0.155902 -0.00484754 0.0589128 0.998251 0.0912191
0.999825 -0.0181014 0.00473046 -0.029297 0.018327 0.998424 -0.0530456 -0.166902 -0.00376281 0.0531231 0.998581 0.0899179
0.999864 -0.0161103 0.00360431 -0.0300969 0.0162811 0.998416 -0.053858 -0.168901 -0.00273092 0.0539094 0.998542 0.0884175
0.999834 -0.0176609 0.00448711 -0.0306969 0.0178855 0.998257 -0.0562417 -0.171902 -0.00348599 0.0563127 0.998407 0.0890171
0.999815 -0.018772 0.00418518 -0.0302967 0.0189734 0.998315 -0.0548453 -0.178901 -0.00314855 0.0549146 0.998486 0.0874162
0.999795 -0.0198622 0.00388311 -0.0298965 0.0200421 0.998359 -0.0536487 -0.186901 -0.00281116 0.0537156 0.998552 0.0857153
0.999815 -0.0188684 0.00381576 -0.0281964 0.0190399 0.998494 -0.0514559 -0.193901 -0.00283911 0.051519 0.998668 0.0844145
0.999827 -0.0180623 0.00445344 -0.0282961 0.0182513 0.998735 -0.04686 -0.198901 -0.00360141 0.0469332 0.998892 0.0819139
0.999838 -0.0172589 0.0050949 -0.0283959 0.017459 0.998954 -0.042263 -0.2039 -0.00436016 0.0423451 0.999094 0.0794132
0.999831 -0.0180725 0.00338608 -0.0249952 0.0181351 0.999645 -0.0194938 -0.214899 -0.00303258 0.0195519 0.999804 0.0724121
0.999833 -0.0181388 0.00237543 -0.0225947 0.0181506 0.999823 -0.0050248 -0.220899 -0.00228387 0.00506707 0.999985 0.0675116
0.999935 -0.00467813 0.010416 -0.0260943 0.00461417 0.99997 0.006157 -0.225898 -0.0104445 -0.00610855 0.999927 0.0633106
0.999962 6.93629e-05 0.00871115 -0.0165941 -0.000156085 0.99995 0.00995189 -0.239898 -0.00871003 -0.00995287 0.999913 0.0626097
0.999791 0.0123356 0.0163279 -0.0194942 -0.0124881 0.999879 0.00927012 -0.250898 -0.0162115 -0.00947209 0.999824 0.0635081
0.999668 0.0198667 0.0164332 -0.0134948 -0.0198727 0.999803 0.000202659 -0.260899 -0.0164259 -0.000529148 0.999865 0.0715073
0.999502 0.0248472 0.0194299 -0.0138951 -0.024725 0.999673 -0.00650843 -0.2689 -0.0195852 0.00602482 0.99979 0.0758063
0.999309 0.0297256 0.0223136 -0.0141955 -0.0294356 0.999479 -0.0132164 -0.2769 -0.0226948 0.0125505 0.999664 0.0802052
0.999106 0.0320057 0.0276361 -0.0141958 -0.0315446 0.999358 -0.0169635 -0.289901 -0.0281613 0.0160765 0.999474 0.0846036
0.999407 0.0163046 0.0303428 -0.0198963 -0.0157053 0.999679 -0.0198843 -0.297902 -0.0306573 0.0193959 0.999342 0.090802
0.999153 -0.00192547 0.0411152 -0.0312969 0.00285105 0.999744 -0.0224655 -0.310903 -0.0410614 0.0225637 0.998902 0.0978994
0.998414 -0.0149747 0.0542613 -0.0423976 0.0163762 0.999541 -0.0254773 -0.323904 -0.0538549 0.0263255 0.998202 0.106897
0.997063 -0.0259632 0.0720491 -0.0525981 0.0280238 0.999222 -0.0277374 -0.334905 -0.0712729 0.029675 0.997015 0.113894
0.995136 -0.0373465 0.0911566 -0.0627987 0.0401498 0.998769 -0.0291142 -0.345906 -0.0899572 0.0326325 0.995411 0.120892
0.992669 -0.0488952 0.110536 -0.0732992 0.052536 0.99816 -0.0302673 -0.356907 -0.108853 0.0358525 0.993411 0.12689
0.989106 -0.0593212 0.134722 -0.0834997 0.0635768 0.997598 -0.027505 -0.361907 -0.132767 0.0357705 0.990502 0.132888
0.985059 -0.0687421 0.157901 -0.0956003 0.0739539 0.996886 -0.0273641 -0.368908 -0.155529 0.0386327 0.987076 0.139886
0.980397 -0.0778678 0.180993 -0.107901 0.0841345 0.996083 -0.0271969 -0.375909 -0.178167 0.0418916 0.983108 0.147884
0.975922 -0.0866132 0.200186 -0.115901 0.0934717 0.995307 -0.0250487 -0.38391 -0.197077 0.0431573 0.979438 0.151883
0.972935 -0.0917665 0.212078 -0.122902 0.0989556 0.994814 -0.0235133 -0.393911 -0.208821 0.0438633 0.97697 0.158881
0.969003 -0.0955921 0.227807 -0.135902 0.103278 0.994408 -0.0220341 -0.398912 -0.224426 0.0448786 0.973457 0.165879
0.964802 -0.0993987 0.243469 -0.148903 0.107575 0.993986 -0.0204851 -0.403913 -0.239968 0.0459552 0.969692 0.172877
0.963006 -0.101576 0.249602 -0.154903 0.110563 0.993621 -0.0222128 -0.409914 -0.245754 0.0489877 0.968094 0.177876
0.959762 -0.103105 0.261201 -0.162904 0.11303 0.99332 -0.0232241 -0.412915 -0.257062 0.0518134 0.965005 0.185875
0.957004 -0.10855 0.268999 -0.172904 0.118191 0.992792 -0.0198593 -0.419915 -0.264904 0.0507987 0.962936 0.190873
0.9537 -0.113039 0.278708 -0.181905 0.122649 0.992301 -0.0172291 -0.426916 -0.274614 0.0506145 0.960221 0.195871
0.949339 -0.12108 0.289993 -0.189905 0.129349 0.991554 -0.00944337 -0.440917 -0.2864 0.0464753 0.956982 0.199869
0.943981 -0.126014 0.304992 -0.204905 0.133068 0.991104 -0.00236372 -0.449917 -0.301981 0.0428159 0.952352 0.202866
0.937562 -0.130661 0.322343 -0.216906 0.137938 0.990441 0.000270059 -0.451918 -0.319297 0.04421 0.946623 0.207865
0.930522 -0.137055 0.339624 -0.224906 0.144874 0.989447 0.00235603 -0.452918 -0.336363 0.0470103 0.940558 0.211864
0.923268 -0.143296 0.35643 -0.233907 0.151582 0.988433 0.00473448 -0.453919 -0.352986 0.0496572 0.93431 0.216863
0.912347 -0.15104 0.38054 -0.251907 0.157553 0.987409 0.0141789 -0.464919 -0.37789 0.0470189 0.924656 0.21686
0.902167 -0.158895 0.401058 -0.261907 0.165003 0.9861 0.0195134 -0.46892 -0.398584 0.0485715 0.915845 0.219859
0.886676 -0.16835 0.430656 -0.284907 0.175218 0.984237 0.0239985 -0.46292 -0.427908 0.0541798 0.902197 0.223857
0.872447 -0.176246 0.455821 -0.304907 0.183201 0.982639 0.0292955 -0.460921 -0.45307 0.0579479 0.889589 0.225856
0.857338 -0.188722 0.478911 -0.318907 0.194744 0.980133 0.037609 -0.460921 -0.476494 0.0610216 0.877057 0.226855
0.840606 -0.198906 0.503804 -0.334908 0.204206 0.977877 0.0453517 -0.459921 -0.501679 0.0647571 0.862627 0.227853
0.822941 -0.20568 0.529588 -0.358908 0.210512 0.976206 0.0520153 -0.457921 -0.527685 0.0686792 0.846659 0.227852
0.805368 -0.215703 0.552136 -0.375908 0.22145 0.973487 0.0572962 -0.449922 -0.549856 0.0761261 0.831783 0.231851
0.787044 -0.225494 0.574207 -0.391908 0.232203 0.970631 0.0628996 -0.440922 -0.571527 0.083828 0.81629 0.235851
0.76799 -0.235833 0.595461 -0.413908 0.241968 0.96767 0.0711697 -0.436922 -0.592994 0.0894251 0.800226 0.229849
0.750309 -0.243034 0.614794 -0.430908 0.247502 0.965607 0.0796566 -0.438922 -0.613009 0.0923957 0.784655 0.232848
0.730415 -0.25195 0.634835 -0.455908 0.254231 0.962977 0.0896737 -0.438922 -0.633925 0.095896 0.767426 0.230845
0.709901 -0.26073 0.654263 -0.480908 0.260643 0.960256 0.0998634 -0.438922 -0.654298 0.0996361 0.749645 0.227843
0.689204 -0.265069 0.674341 -0.501907 0.264388 0.958512 0.106555 -0.433921 -0.674609 0.104849 0.730691 0.223842
0.668787 -0.273239 0.691422 -0.522907 0.270938 0.955632 0.115582 -0.428921 -0.692327 0.110033 0.713145 0.221841
0.649538 -0.277193 0.708001 -0.541907 0.275164 0.953757 0.120967 -0.419921 -0.708792 0.116243 0.695774 0.21984
0.628524 -0.282503 0.724672 -0.560907 0.277273 0.951875 0.13059 -0.415921 -0.726689 0.118853 0.676607 0.217839
0.609065 -0.287756 0.739078 -0.579907 0.279166 0.950008 0.139823 -0.411921 -0.742365 0.121164 0.658948 0.214838
0.586434 -0.296928 0.753611 -0.602907 0.290723 0.945553 0.146323 -0.400921 -0.756026 0.133283 0.640828 0.212837
0.563864 -0.299846 0.769512 -0.630906 0.291101 0.944122 0.154578 -0.39892 -0.772863 0.136844 0.619642 0.209835
0.54279 -0.30485 0.782589 -0.645906 0.299703 0.940758 0.158594 -0.38292 -0.784574 0.148462 0.601999 0.206836
0.522115 -0.304023 0.796848 -0.673906 0.300028 0.940061 0.162077 -0.38292 -0.79836 0.154454 0.582035 0.207833
0.500389 -0.307288 0.809435 -0.699906 0.309597 0.936589 0.164168 -0.364921 -0.808555 0.16845 0.563794 0.206833
0.47923 -0.313127 0.819933 -0.719906 0.319933 0.932241 0.169024 -0.35392 -0.817301 0.181322 0.546938 0.205833
0.459754 -0.317376 0.829397 -0.739906 0.328813 0.928415 0.172997 -0.34192 -0.824929 0.193181 0.5312 0.203832
0.436225 -0.32391 0.839518 -0.769906 0.334082 0.924581 0.183136 -0.32992 -0.835522 0.200579 0.511538 0.197831
0.416906 -0.32672 0.8482 -0.784905 0.336376 0.922371 0.189955 -0.330919 -0.844417 0.20612 0.494443 0.19483
0.392112 -0.325503 0.860405 -0.813905 0.338899 0.920637 0.193843 -0.312919 -0.855217 0.215583 0.471305 0.186829
0.368367 -0.327213 0.870194 -0.838904 0.344595 0.917397 0.19909 -0.296918 -0.863458 0.226526 0.450695 0.181829
0.346388 -0.327526 0.879058 -0.864904 0.348953 0.914813 0.203345 -0.280918 -0.870774 0.236314 0.431171 0.175829
0.323426 -0.33257 0.885885 -0.881903 0.36081 0.908816 0.209451 -0.264916 -0.874764 0.251894 0.413929 0.16383
0.29646 -0.336386 0.893843 -0.917902 0.362527 0.905505 0.220535 -0.257914 -0.883564 0.258662 0.390395 0.147827
0.274796 -0.336915 0.900542 -0.940901 0.36905 0.901819 0.224779 -0.242913 -0.887857 0.270576 0.372154 0.138827
0.252957 -0.338768 0.906228 -0.9609 0.373871 0.898153 0.23139 -0.228912 -0.892319 0.28028 0.35385 0.125827
0.229588 -0.339029 0.912332 -0.983899 0.379028 0.894515 0.237025 -0.209911 -0.896452 0.291381 0.333872 0.115827
0.208058 -0.339584 0.917276 -0.999898 0.381549 0.891682 0.243565 -0.198909 -0.900629 0.29931 0.315089 0.0996274
0.185829 -0.342888 0.920812 -1.0199 0.383748 0.888036 0.253239 -0.184907 -0.904547 0.306301 0.296605 0.0848274
0.164075 -0.34453 0.924326 -1.0399 0.384489 0.885253 0.261716 -0.169905 -0.908431 0.312452 0.277716 0.0697275
0.145682 -0.352635 0.924352 -1.04989 0.382804 0.881635 0.276007 -0.164903 -0.912271 0.313637 0.263428 0.0526273
0.125689 -0.356648 0.925745 -1.06989 0.378796 0.879699 0.287479 -0.157901 -0.916906 0.314535 0.245665 0.0346264
0.107805 -0.361757 0.926018 -1.07989 0.376828 0.876812 0.298665 -0.146899 -0.919988 0.316753 0.230845 0.0182269
0.093943 -0.368348 0.924929 -1.08989 0.37385 0.874101 0.310134 -0.144897 -0.922719 0.31665 0.219823 0.00522627
0.0831071 -0.368047 0.926086 -1.09989 0.370798 0.873996 0.31407 -0.135896 -0.924988 0.317289 0.209106 -0.00427348
0.07171 -0.369015 0.926653 -1.11989 0.36898 0.872951 0.319076 -0.125895 -0.926667 0.319036 0.198759 -0.013874
0.0657421 -0.366493 0.928095 -1.12989 0.372317 0.871946 0.317947 -0.117895 -0.925775 0.324643 0.193775 -0.0135739
0.0570553 -0.364924 0.929287 -1.13989 0.373786 0.870913 0.319052 -0.109895 -0.925759 0.329151 0.186094 -0.0169737
0.056245 -0.362659 0.930223 -1.14989 0.372575 0.87202 0.317441 -0.109895 -0.926296 0.328723 0.184165 -0.0168746
0.0535343 -0.360747 0.931126 -1.15989 0.373596 0.871979 0.316352 -0.103895 -0.926045 0.330929 0.181455 -0.0146747
0.0502926 -0.360095 0.931559 -1.16989 0.375879 0.870985 0.316387 -0.0982954 -0.925303 0.334241 0.179156 -0.0124749
0.0478268 -0.36527 0.929672 -1.18989 0.375808 0.86893 0.322071 -0.0835958 -0.925463 0.333974 0.178829 -0.0101748
0.0486207 -0.369315 0.928031 -1.19989 0.375236 0.867825 0.325696 -0.0777963 -0.925653 0.332395 0.180775 -0.00665499
0.0518465 -0.375339 0.925436 -1.20989 0.382075 0.863634 0.328868 -0.0705976 -0.922676 0.336536 0.188184 0.00321504
0.0555881 -0.378958 0.923743 -1.21989 0.388816 0.860357 0.329557 -0.0609994 -0.919637 0.340846 0.19517 0.0165254
0.0574038 -0.382551 0.92215 -1.22989 0.397095 0.856213 0.330478 -0.0501004 -0.915981 0.34721 0.201059 0.0241259
0.0583965 -0.384109 0.921439 -1.23989 0.40495 0.852779 0.329823 -0.0372021 -0.912472 0.353876 0.205344 0.0367266
0.0632728 -0.383077 0.921547 -1.24989 0.410287 0.85174 0.325888 -0.028904 -0.909759 0.357479 0.211063 0.0513268
0.066347 -0.380554 0.922376 -1.2599 0.405283 0.855001 0.323604 -0.035105 -0.911781 0.352353 0.210958 0.0592251
0.0707629 -0.378304 0.922973 -1.2599 0.39989 0.858441 0.321195 -0.0433065 -0.913827 0.346359 0.212026 0.0705241
0.0743565 -0.37574 0.923737 -1.2599 0.39232 0.86263 0.319304 -0.0541076 -0.916819 0.338658 0.211552 0.0792227
0.0771353 -0.370695 0.925546 -1.2699 0.383653 0.867868 0.31562 -0.0653087 -0.92025 0.330743 0.209161 0.0872204
0.0812234 -0.366083 0.927031 -1.2799 0.375406 0.872843 0.311792 -0.0765097 -0.923295 0.322688 0.208325 0.0951181
0.0869078 -0.364281 0.927225 -1.2799 0.370246 0.87589 0.30941 -0.0886116 -0.924859 0.316412 0.210995 0.109817
0.0917444 -0.360884 0.928087 -1.2799 0.363103 0.879971 0.30628 -0.0994133 -0.927221 0.308892 0.211771 0.122815
0.0890314 -0.360573 0.928472 -1.2899 0.362593 0.879944 0.306959 -0.103915 -0.927685 0.309329 0.209084 0.132814
0.0943673 -0.351462 0.931434 -1.2799 0.358487 0.884842 0.297562 -0.0999154 -0.928753 0.305827 0.209495 0.139815
0.0862244 -0.348525 0.933325 -1.2899 0.358998 0.884749 0.297219 -0.0999157 -0.929347 0.309435 0.201407 0.141814
0.074844 -0.344861 0.935665 -1.2999 0.361967 0.883696 0.296752 -0.0940155 -0.929182 0.31647 0.190967 0.139814
0.0621024 -0.340642 0.93814 -1.3099 0.364497 0.88277 0.296408 -0.0877153 -0.929131 0.323542 0.178985 0.137814
0.0472966 -0.327321 0.943729 -1.2999 0.373449 0.882067 0.287219 -0.0611149 -0.926444 0.33885 0.163957 0.134818
0.0240962 -0.320729 0.946864 -1.3199 0.380486 0.878801 0.287992 -0.0537118 -0.924473 0.353329 0.143209 0.109817
0.000705276 -0.320351 0.947299 -1.3199 0.381063 0.875911 0.295926 -0.0481095 -0.924549 0.360772 0.122692 0.0918181
-0.0208005 -0.317126 0.948155 -1.3199 0.382549 0.873667 0.300605 -0.0415072 -0.923701 0.368968 0.103144 0.073519
-0.0491229 -0.324806 0.944504 -1.33989 0.383944 0.866845 0.318068 -0.026203 -0.922049 0.378261 0.0821252 0.0396191
-0.0686672 -0.33045 0.941322 -1.33989 0.387278 0.860725 0.330407 -0.0150005 -0.919402 0.387242 0.0688726 0.0195205
-0.0874467 -0.337678 0.937191 -1.33989 0.391837 0.853299 0.344012 -0.00256787 -0.91587 0.397309 0.0576963 -0.000890877
-0.101336 -0.347706 0.932111 -1.33989 0.397598 0.844701 0.358325 0.00572431 -0.911947 0.406917 0.0526484 -0.0180768
-0.114312 -0.357067 0.927058 -1.34989 0.399125 0.838044 0.371997 0.00511642 -0.909743 0.412536 0.0467165 -0.0350778
-0.122591 -0.365343 0.922765 -1.34989 0.40054 0.832481 0.38281 -0.00428195 -0.908042 0.416533 0.0442798 -0.047879
-0.130878 -0.373535 0.918337 -1.34988 0.40185 0.82681 0.393576 -0.0135903 -0.906304 0.420544 0.0418941 -0.0607802
-0.136043 -0.372622 0.917957 -1.34988 0.405691 0.824368 0.394756 -0.0245888 -0.903829 0.426111 0.0390197 -0.0729816
-0.143243 -0.374193 0.916221 -1.34988 0.409002 0.820633 0.399098 -0.0349873 -0.901221 0.431904 0.0354957 -0.0843829
-0.145916 -0.372839 0.916351 -1.34988 0.409085 0.820624 0.399031 -0.0522863 -0.900754 0.43309 0.0327808 -0.0921851
-0.149614 -0.373923 0.915313 -1.33988 0.411009 0.818441 0.401531 -0.0679855 -0.899271 0.436276 0.0312355 -0.0981862
-0.151616 -0.374464 0.914762 -1.33988 0.412411 0.817092 0.402837 -0.0835847 -0.898293 0.438334 0.0305487 -0.104188
-0.154656 -0.369664 0.916204 -1.32988 0.405241 0.822024 0.40007 -0.112883 -0.901033 0.433157 0.0226728 -0.115191
-0.155346 -0.368606 0.916514 -1.31988 0.403087 0.823374 0.399469 -0.133883 -0.90188 0.431491 0.0206725 -0.117193
-0.156863 -0.371005 0.915287 -1.31988 0.387712 0.829228 0.402568 -0.169881 -0.908336 0.418015 0.0137681 -0.129197
-0.154624 -0.371996 0.915265 -1.29988 0.377218 0.833994 0.402691 -0.200882 -0.913126 0.40752 0.011368 -0.1262
-0.154826 -0.377781 0.912859 -1.28988 0.366028 0.836308 0.408181 -0.23188 -0.917634 0.397329 0.00879602 -0.137203
-0.1557 -0.37968 0.911922 -1.27988 0.355468 0.839798 0.410343 -0.26188 -0.921629 0.38805 0.00420761 -0.142206
-0.157377 -0.380843 0.911148 -1.26988 0.348686 0.841789 0.412078 -0.284879 -0.923932 0.382556 0.000316694 -0.142208
-0.157691 -0.379832 0.911516 -1.25988 0.357325 0.838566 0.41125 -0.286881 -0.920572 0.390557 0.00348946 -0.133207
-0.159469 -0.381845 0.910365 -1.25988 0.362703 0.835009 0.413772 -0.294881 -0.918159 0.396176 0.00533879 -0.132208
-0.160442 -0.383491 0.909502 -1.24988 0.365386 0.832904 0.415649 -0.306882 -0.916925 0.399006 0.00648926 -0.125209
-0.162437 -0.383961 0.908949 -1.24988 0.366887 0.831634 0.416868 -0.318882 -0.915974 0.401196 0.0057824 -0.11821
-0.160179 -0.379652 0.911157 -1.22988 0.361685 0.836303 0.412046 -0.336883 -0.918437 0.395553 0.00335608 -0.112211
-0.159683 -0.380021 0.91109 -1.21988 0.359135 0.837326 0.412198 -0.354884 -0.919523 0.393026 0.00277267 -0.107212
-0.160362 -0.380629 0.910717 -1.21988 0.355294 0.838553 0.41303 -0.376884 -0.920896 0.389807 0.000763535 -0.101215
-0.160594 -0.378259 0.911663 -1.20988 0.352273 0.840855 0.410935 -0.390885 -0.922016 0.387148 -0.00178565 -0.0933157
-0.159646 -0.376401 0.912598 -1.18988 0.349764 0.842917 0.408847 -0.404886 -0.923135 0.384464 -0.00291678 -0.0850157
-0.165792 -0.370589 0.91388 -1.18988 0.349976 0.844274 0.405854 -0.415888 -0.92197 0.387124 -0.0102764 -0.0755171
-0.17343 -0.364429 0.914939 -1.17988 0.350347 0.845416 0.403147 -0.428888 -0.920423 0.390464 -0.0189443 -0.0702179
-0.181054 -0.358234 0.915908 -1.17988 0.350741 0.846541 0.400436 -0.442889 -0.918804 0.393747 -0.0276226 -0.0648196
-0.193847 -0.341767 0.919575 -1.16988 0.351467 0.850941 0.390347 -0.444891 -0.915912 0.398868 -0.0448325 -0.049419
-0.209189 -0.342002 0.916119 -1.15988 0.347053 0.849895 0.396527 -0.461889 -0.914218 0.400891 -0.0590963 -0.0640203
-0.221514 -0.351007 0.909794 -1.15988 0.340209 0.846535 0.409434 -0.473888 -0.913887 0.400216 -0.0681039 -0.0717218
-0.231274 -0.363134 0.902577 -1.15988 0.338593 0.839688 0.424592 -0.477887 -0.912068 0.403803 -0.0712439 -0.0783223
-0.240411 -0.368494 0.898006 -1.14988 0.334201 0.837153 0.432994 -0.487887 -0.911324 0.404211 -0.0781103 -0.0794227
-0.250639 -0.372301 0.893629 -1.14988 0.330229 0.834847 0.440431 -0.496887 -0.910016 0.405492 -0.0863 -0.0779238
-0.25776 -0.375716 0.890167 -1.13988 0.325844 0.833525 0.446162 -0.506887 -0.909607 0.405059 -0.0924243 -0.0763242
-0.26501 -0.373839 0.888827 -1.13988 0.326788 0.832413 0.447546 -0.512888 -0.907182 0.409063 -0.0984318 -0.071725
-0.270084 -0.368745 0.889428 -1.13988 0.322113 0.835926 0.444377 -0.529889 -0.907358 0.406516 -0.106993 -0.0604272
-0.274162 -0.361207 0.891271 -1.13988 0.320963 0.839274 0.438865 -0.541891 -0.906542 0.406385 -0.114163 -0.0483287
-0.279716 -0.354882 0.892086 -1.13988 0.319605 0.841762 0.435075 -0.552892 -0.905324 0.406812 -0.122032 -0.0355301
-0.283787 -0.348051 0.893491 -1.13988 0.317752 0.845018 0.430091 -0.564894 -0.904709 0.405962 -0.129211 -0.0226316
-0.284559 -0.339501 0.89653 -1.13989 0.323327 0.846409 0.423145 -0.570897 -0.902489 0.410282 -0.131084 -0.000976368
-0.286099 -0.339067 0.896204 -1.14989 0.323446 0.846229 0.423414 -0.579898 -0.901959 0.411012 -0.132436 0.0112656
-0.287326 -0.335496 0.897154 -1.15989 0.333089 0.843192 0.421993 -0.5779 -0.898051 0.420082 -0.130521 0.027365
-0.289385 -0.333473 0.897247 -1.16989 0.343816 0.838589 0.422562 -0.576903 -0.893335 0.430771 -0.128022 0.0440642
-0.296632 -0.331232 0.895709 -1.17989 0.351961 0.833983 0.424965 -0.579903 -0.887769 0.441313 -0.130806 0.0447629
-0.310964 -0.328991 0.891665 -1.18989 0.358757 0.828141 0.430669 -0.571903 -0.880111 0.453813 -0.139494 0.0463631
-0.324197 -0.327386 0.887533 -1.19989 0.365618 0.821937 0.436741 -0.568903 -0.872479 0.466088 -0.146771 0.0480626
-0.340601 -0.326355 0.88175 -1.20989 0.367206 0.817167 0.444295 -0.573901 -0.865535 0.475111 -0.158489 0.031161
-0.360538 -0.32212 0.875358 -1.21989 0.367868 0.813298 0.450798 -0.569901 -0.857138 0.484546 -0.174728 0.0311606
-0.379339 -0.315866 0.869673 -1.20989 0.367762 0.811017 0.454975 -0.573899 -0.849031 0.492422 -0.191487 0.010861
-0.404683 -0.311237 0.859862 -1.21989 0.35472 0.813246 0.461308 -0.586897 -0.842856 0.491694 -0.218705 -0.00596152
-0.426803 -0.307508 0.850458 -1.21988 0.347882 0.812222 0.468267 -0.596894 -0.834756 0.495716 -0.239682 -0.0252428
-0.452435 -0.299657 0.839946 -1.20988 0.336656 0.814778 0.472017 -0.599892 -0.825812 0.49633 -0.267752 -0.0440423
-0.477195 -0.293636 0.828289 -1.20988 0.326188 0.816011 0.477207 -0.608889 -0.816019 0.497899 -0.293616 -0.0634434
-0.507821 -0.290575 0.810977 -1.21988 0.314655 0.813787 0.488613 -0.621885 -0.801941 0.503306 -0.321827 -0.099746
-0.531434 -0.281475 0.798968 -1.21988 0.310867 0.812571 0.493042 -0.618882 -0.787997 0.510392 -0.344326 -0.118246
-0.546847 -0.278511 0.78955 -1.20987 0.307777 0.810141 0.498943 -0.62088 -0.778608 0.515851 -0.357304 -0.133245
-0.563566 -0.277052 0.778226 -1.20987 0.302271 0.807584 0.506399 -0.622879 -0.768782 0.520625 -0.371382 -0.144245
-0.578351 -0.275108 0.768001 -1.20987 0.296223 0.806345 0.511918 -0.624877 -0.760106 0.523568 -0.384857 -0.155245
-0.589632 -0.274159 0.759718 -1.20987 0.292895 0.804016 0.517466 -0.617876 -0.752693 0.527632 -0.393774 -0.164245
-0.596778 -0.276666 0.753201 -1.18987 0.285544 0.804008 0.521571 -0.625875 -0.749881 0.526334 -0.400814 -0.171244
-0.602243 -0.275996 0.749086 -1.18987 0.285886 0.801542 0.525167 -0.615876 -0.745368 0.530431 -0.403819 -0.168243
-0.605329 -0.273254 0.747602 -1.18987 0.288522 0.800029 0.526031 -0.598877 -0.741843 0.534122 -0.405441 -0.15924
-0.609064 -0.270432 0.745592 -1.18987 0.290274 0.798844 0.526868 -0.595876 -0.738094 0.537322 -0.408047 -0.16224
-0.609056 -0.269793 0.74583 -1.18987 0.29091 0.798836 0.526529 -0.596878 -0.737849 0.537655 -0.40805 -0.15024
-0.609267 -0.267732 0.7464 -1.17987 0.29437 0.797651 0.526402 -0.598879 -0.736302 0.540437 -0.40717 -0.143239
-0.609514 -0.268361 0.745972 -1.17987 0.295149 0.796506 0.527698 -0.602879 -0.735785 0.541813 -0.406275 -0.13824
-0.61053 -0.269036 0.744898 -1.17987 0.296045 0.794834 0.529714 -0.60688 -0.734582 0.543929 -0.405623 -0.134241
-0.607588 -0.266928 0.748055 -1.16987 0.294531 0.798963 0.524318 -0.617881 -0.737623 0.538895 -0.406822 -0.129241
-0.607683 -0.275982 0.744685 -1.15987 0.285511 0.79907 0.529122 -0.63888 -0.741083 0.534154 -0.406786 -0.132243
-0.607696 -0.28168 0.742538 -1.13987 0.279817 0.799085 0.532134 -0.65388 -0.743242 0.53115 -0.406781 -0.135243
-0.610676 -0.28503 0.738805 -1.12987 0.271149 0.801313 0.533269 -0.658879 -0.744012 0.525981 -0.412057 -0.136243
-0.612846 -0.288304 0.735732 -1.11987 0.262392 0.803991 0.533618 -0.662879 -0.745366 0.520076 -0.417074 -0.136242
-0.619853 -0.28984 0.729228 -1.10987 0.261034 0.800207 0.539934 -0.658877 -0.740029 0.525034 -0.420353 -0.150241
-0.627974 -0.290606 0.72194 -1.09987 0.258144 0.797359 0.545509 -0.647877 -0.734173 0.52893 -0.425702 -0.153239
-0.638377 -0.291548 0.712373 -1.09987 0.250926 0.796108 0.550679 -0.636876 -0.727675 0.530294 -0.43506 -0.160237
-0.64665 -0.293528 0.704049 -1.08987 0.244313 0.794671 0.555705 -0.625875 -0.722603 0.531355 -0.442161 -0.167235
-0.65488 -0.293795 0.696288 -1.07987 0.239351 0.793279 0.559838 -0.609875 -0.716828 0.533284 -0.449182 -0.167232
-0.661159 -0.295037 0.689799 -1.06987 0.231563 0.79429 0.561678 -0.599875 -0.713616 0.53109 -0.456832 -0.17023
-0.670817 -0.294988 0.680431 -1.05987 0.227246 0.791596 0.567217 -0.584874 -0.705949 0.535124 -0.463981 -0.178227
-0.679284 -0.295915 0.67157 -1.05987 0.220518 0.790509 0.571374 -0.573873 -0.699961 0.536218 -0.471726 -0.186226
-0.691552 -0.291911 0.660715 -1.04987 0.214782 0.790229 0.573939 -0.549873 -0.689656 0.538818 -0.483787 -0.185222
-0.707038 -0.288803 0.645515 -1.04987 0.21106 0.785027 0.582397 -0.527871 -0.674945 0.54802 -0.494089 -0.200219
-0.718925 -0.286942 0.633097 -1.04987 0.207237 0.780908 0.589267 -0.50687 -0.663476 0.55484 -0.501949 -0.207216
-0.731077 -0.284495 0.620153 -1.03987 0.202878 0.777169 0.595692 -0.484869 -0.651435 0.561312 -0.510452 -0.214213
-0.745461 -0.276991 0.606271 -1.03987 0.200263 0.774469 0.600077 -0.456868 -0.635754 0.568747 -0.521866 -0.218209
-0.756628 -0.275402 0.593016 -1.03987 0.195343 0.770331 0.606986 -0.429868 -0.623984 0.575104 -0.529056 -0.224206
-0.766007 -0.277364 0.579915 -1.04987 0.189487 0.764619 0.615997 -0.412867 -0.61427 0.581745 -0.533147 -0.229204
-0.76899 -0.27246 0.57829 -1.03987 0.191517 0.764881 0.615044 -0.390869 -0.609898 0.583715 -0.536005 -0.214201
-0.773135 -0.271014 0.573423 -1.04987 0.190012 0.763608 0.617089 -0.37887 -0.60511 0.58605 -0.538876 -0.2052
-0.77566 -0.270661 0.57017 -1.04987 0.189255 0.76207 0.619218 -0.366871 -0.602108 0.58821 -0.539884 -0.197198
-0.778379 -0.266294 0.568518 -1.05987 0.189688 0.763494 0.61733 -0.358871 -0.598451 0.588358 -0.543775 -0.196198
-0.77478 -0.264024 0.574462 -1.05987 0.19704 0.762535 0.616211 -0.351875 -0.600742 0.59062 -0.538774 -0.169197
-0.773227 -0.264088 0.576522 -1.05987 0.198861 0.762311 0.615903 -0.348877 -0.602142 0.59088 -0.536922 -0.154197
-0.770837 -0.265108 0.579248 -1.06988 0.199969 0.762631 0.615147 -0.355878 -0.604833 0.59001 -0.534851 -0.141199
-0.766733 -0.265827 0.584343 -1.06988 0.199288 0.76671 0.610279 -0.366881 -0.610251 0.584373 -0.534885 -0.1242
-0.762601 -0.2665 0.589422 -1.06988 0.198563 0.77076 0.605394 -0.377883 -0.61564 0.578711 -0.534865 -0.106202
-0.756823 -0.274591 0.593144 -1.07988 0.200227 0.766448 0.610301 -0.395885 -0.622197 0.580653 -0.525084 -0.0938048
-0.751346 -0.27949 0.5978 -1.07988 0.203261 0.763826 0.61258 -0.406887 -0.627825 0.581769 -0.517088 -0.0748062
-0.748129 -0.282906 0.600222 -1.08988 0.204662 0.762078 0.614289 -0.421888 -0.631202 0.58241 -0.512232 -0.063509
-0.744016 -0.287503 0.603143 -1.09988 0.208111 0.758074 0.618072 -0.43489 -0.634925 0.585377 -0.504187 -0.0487115
