1 0 0 0 0 1 0 0 0 0 1 0
0.999997 -0.0021348 0.000666345 0.00310271 0.00213535 0.999997 -0.000825032 0.00641644 -0.000664569 0.000826463 0.999999 0.954337
0.999995 -0.00302047 0.00125893 -0.0057313 0.00301635 0.99999 0.00325925 0.00713459 -0.00126877 -0.00325543 0.999994 1.89517
0.999985 -0.00546269 0.000646016 -0.00466828 0.00545639 0.999941 0.00938219 0.00851733 -0.000697231 -0.00937853 0.999956 2.84298
0.999958 -0.00913798 -0.000930295 -0.0026734 0.00914641 0.999913 0.00950377 0.0149617 0.000843374 -0.00951188 0.999954 3.78022
0.99993 -0.0116991 -0.0016429 -0.00471123 0.0117094 0.999911 0.00645487 0.0235923 0.00156725 -0.00647366 0.999978 4.7104
0.999918 -0.0125078 -0.00266452 -0.00834478 0.012515 0.999918 0.00271777 0.0349032 0.0026303 -0.0027509 0.999993 5.64066
0.999925 -0.0118565 -0.0030128 -0.018162 0.0118646 0.999926 0.00268624 0.0303078 0.00298072 -0.00272179 0.999992 6.56488
0.999921 -0.0118348 -0.00427826 -0.0263904 0.0118539 0.99992 0.00447952 0.0352153 0.00422489 -0.00452988 0.999981 7.4808
0.999926 -0.0112888 -0.00450842 -0.0410483 0.0113206 0.999911 0.00708915 0.0450308 0.00442799 -0.00713966 0.999965 8.42119
0.999917 -0.011697 -0.00535683 -0.0516263 0.0117427 0.999894 0.00857911 0.052799 0.00525593 -0.00864129 0.999949 9.34166
0.9999 -0.0127386 -0.00610163 -0.0558742 0.0127954 0.999874 0.009351 0.0589726 0.00598175 -0.00942814 0.999938 10.253
0.99989 -0.0130008 -0.00711095 -0.0637404 0.0130687 0.999869 0.00958016 0.0631998 0.00698549 -0.00967202 0.999929 11.1687
0.99988 -0.0135527 -0.00754776 -0.0762802 0.0136121 0.999876 0.00787263 0.0734096 0.00744015 -0.00797441 0.999941 12.0691
0.999865 -0.0138065 -0.00887392 -0.090602 0.0138596 0.999886 0.0059515 0.0835527 0.00879074 -0.00607368 0.999943 12.9692
0.99983 -0.0151008 -0.0106132 -0.100217 0.0151478 0.999876 0.00436217 0.0950011 0.010546 -0.00452221 0.999934 13.8743
0.999817 -0.0147384 -0.0121575 -0.119966 0.0147846 0.999884 0.00372077 0.0994782 0.0121012 -0.00389983 0.999919 14.7834
0.999814 -0.013677 -0.0135857 -0.137034 0.0137166 0.999902 0.00283003 0.102621 0.0135456 -0.00301583 0.999904 15.6806
0.999817 -0.0122151 -0.0147463 -0.161253 0.0122614 0.99992 0.00305257 0.103299 0.0147079 -0.00323283 0.999887 16.5571
0.999786 -0.0127614 -0.0163071 -0.180336 0.0128232 0.999911 0.00369347 0.109423 0.0162585 -0.00390178 0.99986 17.4485
0.999762 -0.0124342 -0.0179477 -0.199438 0.0125315 0.999907 0.00532414 0.110455 0.0178799 -0.00554776 0.999825 18.3403
0.999739 -0.0121383 -0.0193706 -0.221183 0.0122584 0.999906 0.00609409 0.113087 0.0192948 -0.00632996 0.999794 19.2189
0.999695 -0.0130992 -0.0209445 -0.239728 0.0132305 0.999894 0.00614637 0.116802 0.0208617 -0.00642159 0.999762 20.1074
0.999677 -0.0128543 -0.021942 -0.265609 0.0129674 0.999903 0.00502318 0.125894 0.0218753 -0.00530606 0.999747 20.9539
0.999638 -0.0129083 -0.0236053 -0.286171 0.0130389 0.9999 0.00538732 0.131074 0.0235334 -0.00569317 0.999707 21.8173
0.999621 -0.0126069 -0.0244746 -0.313255 0.0127947 0.99989 0.00752775 0.135334 0.024377 -0.00783807 0.999672 22.6759
0.999585 -0.0137117 -0.0253454 -0.331179 0.0139774 0.999849 0.0103355 0.140887 0.0251999 -0.0106855 0.999625 23.5218
0.999557 -0.0139612 -0.0262881 -0.35165 0.0142731 0.99983 0.011714 0.149056 0.02612 -0.012084 0.999586 24.3626
0.999556 -0.0132305 -0.0266965 -0.384751 0.013515 0.999853 0.0105059 0.15656 0.0265536 -0.010862 0.999588 25.187
0.999564 -0.0115002 -0.0272012 -0.414252 0.0117261 0.999898 0.00815863 0.15818 0.0271046 -0.00847403 0.999597 25.9964
0.999547 -0.0109903 -0.0280188 -0.440102 0.0111705 0.999918 0.00628157 0.167989 0.0279475 -0.0065917 0.999588 26.7988
0.999541 -0.00986654 -0.02865 -0.473415 0.0100422 0.999932 0.00599477 0.173311 0.0285888 -0.00627973 0.999572 27.5905
0.99949 -0.0104856 -0.03017 -0.495971 0.0106601 0.999927 0.00562982 0.17254 0.0301088 -0.00594856 0.999529 28.3756
0.999418 -0.0103449 -0.0325157 -0.522772 0.0105048 0.999934 0.00475184 0.176247 0.0324644 -0.00509065 0.99946 29.1508
0.999367 -0.00994762 -0.0341506 -0.556179 0.0101133 0.999938 0.00468307 0.180183 0.0341019 -0.0050255 0.999406 29.9166
0.999294 -0.0102722 -0.0361311 -0.579611 0.0104897 0.999928 0.00583629 0.183995 0.0360685 -0.00621119 0.99933 30.6834
0.99921 -0.0104046 -0.0383578 -0.609743 0.0107195 0.99991 0.00801283 0.190816 0.038271 -0.00841768 0.999232 31.4369
0.999148 -0.0094733 -0.0401609 -0.646026 0.00986842 0.999905 0.00965215 0.19461 0.0400656 -0.0100402 0.999147 32.1844
0.999087 -0.00826626 -0.0419247 -0.679935 0.00868343 0.999914 0.00977785 0.196946 0.0418403 -0.010133 0.999073 32.9045
0.99903 -0.00590517 -0.0436356 -0.722729 0.00631128 0.999938 0.00917489 0.199036 0.0435787 -0.00944139 0.999005 33.6103
0.99895 -0.00368333 -0.0456703 -0.75529 0.00407631 0.999955 0.00851456 0.208084 0.0456369 -0.00869178 0.99892 34.328
0.99887 -0.00373793 -0.0473746 -0.787167 0.00419349 0.999946 0.00952022 0.212426 0.0473365 -0.00970813 0.998832 35.038
0.998831 -0.00218728 -0.0482929 -0.833627 0.00274953 0.999929 0.0115788 0.217282 0.0482642 -0.011698 0.998766 35.7117
0.998835 0.000591793 -0.0482562 -0.872632 -1.37919e-05 0.999928 0.0119774 0.224635 0.0482599 -0.0119627 0.998763 36.4063
0.998875 0.00324957 -0.047318 -0.902001 -0.00279821 0.99995 0.0096017 0.234653 0.0473468 -0.00945848 0.998834 37.0818
0.998944 0.00483508 -0.0456887 -0.936738 -0.0045382 0.999968 0.00659928 0.239041 0.0457191 -0.00638497 0.998934 37.7259
0.999037 0.00518875 -0.0435645 -0.966527 -0.00499547 0.999977 0.00454438 0.249884 0.0435871 -0.00432238 0.99904 38.3771
0.999155 0.00614589 -0.0406471 -0.995109 -0.00592601 0.999967 0.0055277 0.251006 0.0406798 -0.00528214 0.999158 39.0169
0.999233 0.0110562 -0.0375529 -1.02561 -0.0107598 0.999909 0.00808601 0.256362 0.0376389 -0.00767576 0.999262 39.6714
0.999312 0.0152515 -0.0338121 -1.052 -0.0148702 0.999823 0.0114996 0.260835 0.0339815 -0.0109889 0.999362 40.2961
0.999365 0.0205719 -0.0290909 -1.0845 -0.0202176 0.999718 0.0124226 0.267016 0.0293382 -0.0118266 0.9995 40.8952
0.999421 0.0241411 -0.0239706 -1.10408 -0.0238361 0.999632 0.012929 0.273087 0.0242739 -0.0123502 0.999629 41.487
0.999446 0.0280705 -0.0179031 -1.12131 -0.0278058 0.999503 0.0148684 0.27856 0.0183116 -0.0143623 0.999729 42.0571
0.999389 0.0329807 -0.0115304 -1.13157 -0.0327944 0.999334 0.0159897 0.283481 0.0120501 -0.0156018 0.999806 42.6257
0.999329 0.0363693 -0.00440994 -1.13859 -0.0362961 0.999218 0.0156941 0.288972 0.00497726 -0.0155235 0.999867 43.1574
0.9992 0.039883 0.00296423 -1.14368 -0.0399249 0.999078 0.015757 0.291867 -0.00233307 -0.0158628 0.999871 43.6611
0.999 0.0436173 0.0098183 -1.13257 -0.0437649 0.998924 0.0153512 0.297823 -0.00913815 -0.0157656 0.999834 44.1611
0.998701 0.0477209 0.0178771 -1.13296 -0.0479445 0.998774 0.0122927 0.307145 -0.0172686 -0.0131338 0.999765 44.6286
0.9984 0.050248 0.0259506 -1.12601 -0.0505117 0.998677 0.00960822 0.304861 -0.0254335 -0.0109037 0.999617 45.0865
0.998148 0.0506586 0.0336791 -1.10818 -0.0509935 0.998657 0.00915944 0.312295 -0.0331699 -0.0108599 0.999391 45.5157
0.997887 0.0497403 0.0417927 -1.08577 -0.0502264 0.998681 0.0106611 0.312999 -0.0412073 -0.0127377 0.999069 45.9147
0.997423 0.0517571 0.0496859 -1.06384 -0.0523875 0.998561 0.0114683 0.316174 -0.0490208 -0.0140417 0.998699 46.2995
0.996785 0.0547437 0.0585108 -1.04983 -0.0555192 0.998389 0.0117099 0.314798 -0.0577755 -0.0149207 0.998218 46.6571
0.995972 0.0597019 0.0669 -1.02206 -0.0605509 0.998107 0.0107343 0.322752 -0.0661326 -0.0147419 0.997702 46.9849
0.995084 0.0634602 0.0760255 -1.00112 -0.0644888 0.997856 0.011149 0.317843 -0.075155 -0.015997 0.997044 47.2842
0.994364 0.0627339 0.0854678 -0.972295 -0.0639737 0.997881 0.0118433 0.317351 -0.0845438 -0.0172442 0.996271 47.5672
0.993482 0.0614727 0.0959959 -0.932331 -0.0627083 0.997983 0.00990523 0.319296 -0.0951933 -0.0158604 0.995332 47.8465
0.992356 0.0600184 0.10783 -0.900182 -0.0609712 0.998124 0.00555866 0.31544 -0.107294 -0.0120907 0.994154 48.105
0.990759 0.0610503 0.121116 -0.858757 -0.0616714 0.998096 0.00138252 0.318358 -0.120801 -0.00883913 0.992637 48.3714
0.988611 0.0626558 0.136827 -0.82266 -0.063139 0.998004 -0.000810184 0.317092 -0.136605 -0.00783819 0.990595 48.6328
0.986146 0.0644801 0.152837 -0.771017 -0.0649144 0.997889 -0.0021518 0.315852 -0.152653 -0.00779933 0.988249 48.884
0.983359 0.0649588 0.16966 -0.715064 -0.0653357 0.997858 -0.00336596 0.31704 -0.169516 -0.00777494 0.985497 49.1428
0.980125 0.0637919 0.187846 -0.657108 -0.0640386 0.997936 -0.00476157 0.319934 -0.187762 -0.00736245 0.982187 49.3984
0.976224 0.0632389 0.207334 -0.591047 -0.0635932 0.997964 -0.00496225 0.316559 -0.207226 -0.00834079 0.978258 49.6438
0.971773 0.0633177 0.227264 -0.513742 -0.0636311 0.997956 -0.00595463 0.310329 -0.227177 -0.00867453 0.973815 49.875
0.966472 0.0655737 0.248259 -0.437737 -0.0655333 0.997815 -0.00843634 0.311576 -0.24827 -0.00811574 0.968657 50.113
0.960218 0.0669323 0.271112 -0.356821 -0.0666016 0.997725 -0.010431 0.305052 -0.271194 -0.00804044 0.962491 50.3566
0.953003 0.0681485 0.295197 -0.260665 -0.0677453 0.997635 -0.0116053 0.30025 -0.29529 -0.00893833 0.955366 50.599
0.944565 0.070661 0.320632 -0.159935 -0.0703601 0.997443 -0.0125398 0.295195 -0.320698 -0.010715 0.947121 50.8313
0.934666 0.0729196 0.347968 -0.0514237 -0.0727414 0.997258 -0.0135953 0.286848 -0.348006 -0.0126047 0.937408 51.074
0.923468 0.0737049 0.376529 0.0671941 -0.0734245 0.997186 -0.0151178 0.281924 -0.376584 -0.0136856 0.926281 51.3123
0.91093 0.0715883 0.406302 0.207336 -0.0706959 0.997349 -0.0172272 0.273375 -0.406458 -0.0130311 0.913577 51.5448
0.896013 0.0688659 0.438654 0.352403 -0.0668727 0.997561 -0.0200136 0.266404 -0.438963 -0.0114015 0.898433 51.772
0.878732 0.0682935 0.472405 0.510262 -0.064509 0.997623 -0.0242271 0.25831 -0.472937 -0.00918522 0.881049 51.9929
0.859257 0.0702088 0.506704 0.67492 -0.0640401 0.997508 -0.0296169 0.254335 -0.50752 -0.00700084 0.861611 52.2157
0.837493 0.0719874 0.541686 0.858851 -0.0635779 0.997389 -0.0342512 0.245314 -0.542737 -0.00575406 0.839883 52.4411
0.812891 0.0749309 0.577575 1.05681 -0.0648323 0.997168 -0.0381199 0.240121 -0.578796 -0.0064582 0.815447 52.6703
0.785465 0.0789609 0.613849 1.2686 -0.0680371 0.996833 -0.0411667 0.228516 -0.615155 -0.00942942 0.78835 52.9019
0.755495 0.0834535 0.649817 1.49356 -0.0719754 0.996423 -0.0442862 0.215625 -0.651188 -0.0133128 0.758799 53.1328
0.722461 0.0843621 0.686245 1.75103 -0.0716042 0.996321 -0.0470975 0.198859 -0.687694 -0.0151119 0.725844 53.3666
0.685863 0.0818975 0.723108 2.03404 -0.068238 0.996507 -0.0481388 0.177723 -0.724525 -0.0163268 0.689056 53.5902
0.646745 0.0803992 0.758457 2.32308 -0.0655417 0.996609 -0.049756 0.156675 -0.759885 -0.0175311 0.649821 53.793
0.604144 0.0796816 0.792882 2.65641 -0.0635487 0.996637 -0.0517367 0.135686 -0.794337 -0.0191302 0.607176 54.0132
0.557933 0.0797953 0.826041 3.01702 -0.060323 0.996633 -0.0555304 0.119749 -0.827691 -0.018847 0.560868 54.2247
0.508922 0.0785779 0.857219 3.38142 -0.0573911 0.996707 -0.0572918 0.0957004 -0.858898 -0.0200397 0.511755 54.42
0.46099 0.0769034 0.884067 3.81861 -0.0555351 0.996785 -0.0577503 0.0784387 -0.885666 -0.0224744 0.463779 54.6032
0.411997 0.0744117 0.908142 4.25253 -0.0546544 0.996884 -0.056888 0.0562309 -0.909544 -0.0261962 0.41478 54.7612
0.361053 0.07403 0.929602 4.71192 -0.0579145 0.9967 -0.0568797 0.0330836 -0.930745 -0.0333008 0.364149 54.9331
0.311524 0.0749538 0.947277 5.16158 -0.0567858 0.996571 -0.0601795 0.0135951 -0.94854 -0.0350446 0.314712 55.0571
0.264771 0.0715852 0.961651 5.64367 -0.0454462 0.997059 -0.0617083 -0.0158604 -0.96324 -0.0273648 0.267245 55.1402
0.220732 0.0659143 0.973105 6.16594 -0.0320673 0.997665 -0.060304 -0.0400191 -0.974807 -0.0178938 0.22233 55.2189
0.178331 0.0648216 0.981833 6.6922 -0.0235163 0.997823 -0.061606 -0.0728714 -0.98369 -0.0121029 0.179467 55.2872
0.139884 0.0662486 0.987949 7.1919 -0.0203807 0.99774 -0.0640194 -0.0967249 -0.989958 -0.0111798 0.140918 55.3254
0.107092 0.0669051 0.991996 7.73391 -0.011761 0.997749 -0.0660234 -0.130777 -0.99418 -0.00459634 0.107637 55.3575
0.0783427 0.0651447 0.994796 8.29528 -0.00432854 0.997875 -0.0650055 -0.165502 -0.996917 0.000786699 0.0784583 55.3766
0.0534064 0.0634036 0.996558 8.86712 0.00240313 0.997971 -0.0636223 -0.20019 -0.99857 0.00579269 0.0531456 55.3918
0.0334781 0.0627027 0.997471 9.43167 0.00746683 0.997986 -0.0629858 -0.221639 -0.999412 0.00955659 0.0329425 55.3856
0.0177457 0.0645847 0.997754 10.0188 0.0105022 0.997844 -0.0647773 -0.247212 -0.999787 0.0116281 0.0170292 55.3826
0.00410369 0.0642625 0.997925 10.6084 0.0106426 0.997874 -0.064303 -0.284095 -0.999935 0.0108844 0.00341104 55.3794
-0.00718769 0.0652783 0.997841 11.217 0.0119635 0.997801 -0.0651895 -0.318552 -0.999903 0.0114691 -0.00795284 55.3655
-0.016567 0.0680068 0.997547 11.8648 0.0166354 0.997565 -0.0677317 -0.357697 -0.999724 0.0154725 -0.017658 55.3569
-0.0228922 0.0697246 0.997304 12.4904 0.0207284 0.997384 -0.0692544 -0.394483 -0.999523 0.0190871 -0.0242775 55.3271
-0.027718 0.0692178 0.997216 13.1392 0.0208808 0.997422 -0.0686517 -0.430463 -0.999398 0.0189197 -0.0290918 55.3144
-0.0313491 0.0665622 0.99729 13.8152 0.0189922 0.99764 -0.0659885 -0.464601 -0.999328 0.016872 -0.0325393 55.2934
-0.0337555 0.0596812 0.997647 14.4906 0.016833 0.998108 -0.0591393 -0.502701 -0.999288 0.0147971 -0.0346962 55.2772
-0.0350035 0.0540368 0.997925 15.1737 0.0180968 0.998408 -0.0534282 -0.536339 -0.999223 0.0161891 -0.0359256 55.2527
-0.0353946 0.0510641 0.998068 15.876 0.0204583 0.998522 -0.0503618 -0.573569 -0.999164 0.0186362 -0.0363869 55.2271
-0.035235 0.0534882 0.997947 16.586 0.0238891 0.998326 -0.0526651 -0.61639 -0.999093 0.0219844 -0.0364538 55.1897
-0.034314 0.0610197 0.997547 17.2881 0.0247996 0.997879 -0.0601869 -0.647553 -0.999103 0.0226735 -0.0357545 55.1647
-0.0322196 0.0691198 0.997088 17.9939 0.0256701 0.997334 -0.0683073 -0.678376 -0.999151 0.0233946 -0.033908 55.1469
-0.0298694 0.0699157 0.997106 18.7222 0.0265634 0.997254 -0.0691303 -0.712135 -0.999201 0.0244216 -0.0316445 55.1238
-0.0278104 0.0653776 0.997473 19.4809 0.0259954 0.997569 -0.0646591 -0.756716 -0.999275 0.0241315 -0.0294423 55.1077
-0.0254289 0.0590521 0.997931 20.2348 0.0254053 0.99797 -0.058407 -0.802536 -0.999354 0.0238675 -0.0268775 55.0878
-0.0227908 0.0573549 0.998094 20.9697 0.0235236 0.998107 -0.0568185 -0.845371 -0.999463 0.0221838 -0.0240968 55.0791
-0.0190473 0.0628711 0.99784 21.7032 0.0312071 0.997572 -0.0622585 -0.886199 -0.999331 0.0299538 -0.020963 55.0537
-0.0163178 0.0683646 0.997527 22.4353 0.0330245 0.997152 -0.0677987 -0.927124 -0.999321 0.0318365 -0.018529 55.0491
-0.0139417 0.0688932 0.997527 23.1739 0.0268174 0.99729 -0.0685021 -0.972782 -0.999543 0.025796 -0.0157514 55.0576
-0.0107495 0.0650003 0.997827 23.9485 0.0221122 0.997657 -0.0647509 -1.02555 -0.999698 0.0213681 -0.0121616 55.0493
-0.00589634 0.0612611 0.998104 24.6875 0.0260673 0.997792 -0.0610879 -1.07588 -0.999643 0.0256577 -0.00748024 55.0391
-0.00203521 0.0623844 0.99805 25.4282 0.0307176 0.997585 -0.0622927 -1.11868 -0.999526 0.0305309 -0.00394659 55.0305
7.7643e-05 0.0664909 0.997787 26.1645 0.0302767 0.997329 -0.0664628 -1.17395 -0.999542 0.0302149 -0.00193569 55.0465
0.00426785 0.0676849 0.997698 26.9243 0.0266704 0.997344 -0.067775 -1.20921 -0.999635 0.0268982 0.00245134 55.0481
0.00774666 0.0674879 0.99769 27.6747 0.0259522 0.99737 -0.0676678 -1.25059 -0.999633 0.0264164 0.00597483 55.0615
0.0115486 0.0639419 0.997887 28.4149 0.030097 0.997479 -0.0642641 -1.30116 -0.99948 0.0307756 0.00959499 55.0658
0.0154125 0.0644254 0.997804 29.1651 0.0342326 0.997303 -0.0649219 -1.34992 -0.999295 0.035158 0.0131655 55.0676
0.0187163 0.0649302 0.997714 29.9244 0.0379622 0.997123 -0.0656038 -1.40785 -0.999104 0.0391033 0.0161976 55.0817
0.0215625 0.06513 0.997644 30.6751 0.0382654 0.997091 -0.065921 -1.44959 -0.999035 0.0395966 0.0190075 55.0988
0.0250622 0.063363 0.997676 31.4198 0.0399189 0.99713 -0.0643311 -1.49869 -0.998888 0.0414384 0.0224609 55.121
0.0283079 0.0624398 0.997647 32.1592 0.0418111 0.9971 -0.0635919 -1.54552 -0.998724 0.0435129 0.0256152 55.1443
0.031192 0.0622882 0.997571 32.9155 0.0401743 0.997172 -0.0635194 -1.59666 -0.998706 0.042058 0.0286013 55.1681
0.0341909 0.0642183 0.99735 33.6668 0.0368788 0.997173 -0.0654712 -1.63775 -0.998735 0.0390196 0.0317259 55.2039
0.0372349 0.0642225 0.997241 34.4206 0.0389929 0.997079 -0.065668 -1.68092 -0.998545 0.0413305 0.0346219 55.2259
0.0398198 0.0638336 0.997166 35.1761 0.0367937 0.997187 -0.0653042 -1.72926 -0.998529 0.0392898 0.0373591 55.267
0.0414698 0.0641613 0.997078 35.9243 0.0348447 0.997236 -0.0656207 -1.77434 -0.998532 0.0374641 0.0391195 55.3159
0.0449714 0.0640992 0.99693 36.6964 0.0321961 0.997328 -0.0655772 -1.823 -0.998469 0.0350463 0.0427875 55.3435
0.0484172 0.0658722 0.996653 37.4637 0.0308724 0.997247 -0.0674113 -1.87077 -0.99835 0.034033 0.0462503 55.384
0.05161 0.0697812 0.996226 38.225 0.0294157 0.997017 -0.0713605 -1.915 -0.998234 0.0329876 0.0494033 55.431
0.0547419 0.0717825 0.995917 38.9971 0.0299702 0.996845 -0.0734967 -1.96837 -0.998051 0.0338711 0.0524179 55.4838
0.0570573 0.0737173 0.995646 39.7687 0.0237941 0.996887 -0.0751727 -2.02164 -0.998087 0.0279797 0.0551256 55.5476
0.060105 0.0730516 0.995515 40.5527 0.0201984 0.997025 -0.0743819 -2.06973 -0.997988 0.0245785 0.0584507 55.5953
0.0641969 0.0734921 0.995227 41.3282 0.0227614 0.996917 -0.0750851 -2.124 -0.997678 0.027473 0.0623262 55.6458
0.0682621 0.0745938 0.994875 42.1007 0.021661 0.996855 -0.0762285 -2.17975 -0.997432 0.0267535 0.0664317 55.6947
0.0715617 0.0752759 0.994592 42.8856 0.0177718 0.996894 -0.0767288 -2.23551 -0.997278 0.0231665 0.0700017 55.7727
0.0754079 0.0734861 0.994441 43.6847 0.0167817 0.997046 -0.0749511 -2.28598 -0.997012 0.0223403 0.073952 55.8442
0.0802063 0.0735221 0.994063 44.5016 0.0172705 0.997024 -0.0751346 -2.34967 -0.996629 0.0231943 0.0786978 55.908
0.0860114 0.0768843 0.993323 45.2966 0.0142252 0.996822 -0.0783869 -2.40648 -0.996193 0.0208724 0.0846443 55.9778
0.0914977 0.0856904 0.992112 46.0964 0.0120475 0.996123 -0.0871479 -2.46514 -0.995732 0.0199263 0.0901106 56.0705
0.0991172 0.0901657 0.990982 46.8744 0.0110845 0.995724 -0.0917058 -2.52832 -0.995014 0.0200741 0.097694 56.1493
0.105792 0.093367 0.989995 47.6572 0.00589276 0.995506 -0.0945164 -2.5936 -0.994371 0.0158329 0.104767 56.2565
0.112883 0.0914994 0.989386 48.4598 0.0031276 0.995713 -0.0924413 -2.66188 -0.993603 0.0135295 0.112113 56.352
0.120182 0.0901094 0.988654 49.2654 0.00307036 0.995834 -0.091137 -2.72632 -0.992747 0.0139886 0.119405 56.461
0.128259 0.0863261 0.987976 50.0992 0.0026669 0.996171 -0.0873883 -2.79718 -0.991737 0.0138432 0.127538 56.5671
0.135642 0.0802539 0.987502 50.9063 0.00106323 0.996701 -0.0811476 -2.86904 -0.990757 0.012057 0.135109 56.6888
0.143622 0.0737707 0.986879 51.7162 -0.00190832 0.997236 -0.0742672 -2.91732 -0.989631 0.00878314 0.143366 56.8029
0.150417 0.0707444 0.986088 52.5071 -0.00215597 0.997458 -0.0712312 -2.98622 -0.98862 0.00858843 0.150187 56.9362
0.156964 0.0724149 0.984946 53.328 -0.00288437 0.997338 -0.0728664 -3.05378 -0.9876 0.00859647 0.156755 57.0845
0.162959 0.0795065 0.983424 54.1179 -0.00248182 0.996778 -0.0801748 -3.10547 -0.98663 0.0106245 0.162631 57.2174
0.167805 0.082884 0.98233 54.8987 -0.00412779 0.99651 -0.0833753 -3.16503 -0.985812 0.00993596 0.167562 57.3619
0.172907 0.0855882 0.981212 55.6828 -0.00486895 0.996279 -0.0860445 -3.22857 -0.984926 0.0101002 0.172681 57.5132
0.177993 0.0852555 0.980332 56.4505 -0.00667635 0.996321 -0.0854339 -3.28539 -0.984009 0.00866157 0.177907 57.6655
0.183462 0.082335 0.979573 57.2036 -0.00395162 0.99654 -0.0830211 -3.36049 -0.983019 0.0113603 0.183153 57.7887
0.187994 0.0755953 0.979257 57.9634 -0.00252225 0.997068 -0.076486 -3.4132 -0.982167 0.011909 0.187633 57.9371
0.191612 0.0695469 0.979004 58.7168 -0.00443041 0.997538 -0.0699963 -3.46937 -0.981461 0.00907472 0.191448 58.0856
0.194576 0.0663564 0.978641 59.4522 -0.00808147 0.997784 -0.0660476 -3.52358 -0.980854 0.00494239 0.194681 58.2478
0.197964 0.0661846 0.977972 60.1812 -0.00984821 0.997802 -0.065533 -3.57662 -0.98016 0.00334189 0.19818 58.3962
0.199625 0.0682168 0.977495 60.8944 -0.0114912 0.997668 -0.0672779 -3.6232 -0.979805 0.00219782 0.199944 58.557
0.201113 0.0726459 0.976871 61.5954 -0.0157838 0.997357 -0.0709199 -3.67326 -0.979441 -0.00115585 0.201728 58.7115
0.203211 0.076812 0.976117 62.2832 -0.0168646 0.997045 -0.0749479 -3.72242 -0.97899 -0.00123155 0.203906 58.8639
0.204845 0.0818113 0.975369 62.9628 -0.0169424 0.996648 -0.0800379 -3.7753 -0.978648 -0.000129692 0.205545 59.0207
0.206476 0.083893 0.974849 63.6387 -0.0165033 0.996474 -0.0822586 -3.82876 -0.978312 0.000896227 0.207132 59.1677
0.208018 0.0840093 0.974511 64.3048 -0.018904 0.996464 -0.0818666 -3.87781 -0.977942 -0.00139242 0.20887 59.3145
0.208928 0.0807643 0.97459 64.9825 -0.0185473 0.996732 -0.0786231 -3.93489 -0.977755 -0.00164945 0.209744 59.4636
0.209665 0.0782237 0.974639 65.6376 -0.0185004 0.996934 -0.0760332 -3.9866 -0.977598 -0.00208976 0.210469 59.6051
0.209675 0.07717 0.974721 66.2886 -0.0174323 0.997017 -0.0751853 -4.03385 -0.977616 -0.00122722 0.210394 59.7489
0.208273 0.0764083 0.975082 66.9217 -0.0175685 0.997075 -0.0743792 -4.08064 -0.977913 -0.00163954 0.209006 59.8856
0.206765 0.0770641 0.975351 67.5454 -0.0187983 0.997022 -0.0747913 -4.13386 -0.97821 -0.00287067 0.207598 60.0176
0.204069 0.0799111 0.97569 68.1523 -0.019196 0.996798 -0.077625 -4.18084 -0.978768 -0.00288851 0.204949 60.1573
0.202118 0.0836837 0.975779 68.7552 -0.0165666 0.996492 -0.0820285 -4.22722 -0.979221 0.000414062 0.202795 60.2839
0.200751 0.084345 0.976005 69.3572 -0.0143415 0.996433 -0.0831606 -4.27191 -0.979537 0.00269719 0.201244 60.4012
0.198025 0.0834333 0.97664 69.9464 -0.0148583 0.996512 -0.0821183 -4.31208 -0.980084 0.00175028 0.198574 60.5314
0.195872 0.0805973 0.977312 70.5279 -0.0154111 0.996747 -0.0791114 -4.35877 -0.980508 0.000434283 0.196477 60.6449
0.193873 0.0761442 0.978067 71.0981 -0.0145512 0.997097 -0.0747413 -4.41124 -0.980919 0.000258278 0.194418 60.7556
0.192354 0.0753884 0.978425 71.6623 -0.0108607 0.997147 -0.0746957 -4.45583 -0.981265 0.00374162 0.192624 60.8589
0.190472 0.0768474 0.97868 72.2176 -0.00733025 0.997015 -0.0768605 -4.4967 -0.981665 0.00746584 0.190467 60.9645
0.187607 0.0788548 0.979074 72.7606 -0.00350869 0.99682 -0.0796117 -4.53764 -0.982238 0.0115005 0.187287 61.069
0.185814 0.0812215 0.979222 73.3102 -0.00378244 0.996629 -0.0819476 -4.56996 -0.982578 0.0115232 0.185495 61.1771
0.18459 0.0832402 0.979284 73.8454 -0.00460397 0.996469 -0.0838331 -4.61745 -0.982805 0.0109661 0.184321 61.2759
0.183475 0.0816353 0.979629 74.4 -0.00298196 0.996588 -0.08249 -4.66402 -0.98302 0.0122137 0.183093 61.3778
0.184531 0.0803953 0.979533 74.9521 0.00322584 0.996594 -0.0824033 -4.69931 -0.982821 0.0183658 0.183643 61.468
0.186376 0.0782521 0.979357 75.4977 0.00846297 0.996658 -0.081245 -4.73998 -0.982442 0.0234304 0.185091 61.5694
0.188451 0.0778259 0.978994 76.0625 0.0110715 0.996623 -0.0813586 -4.7848 -0.98202 0.026171 0.186953 61.6786
0.191245 0.0777607 0.978457 76.6161 0.00797838 0.996701 -0.08077 -4.82867 -0.98151 0.0232534 0.189994 61.8049
0.19671 0.0785456 0.97731 77.1856 0.00632859 0.996663 -0.0813748 -4.87222 -0.980441 0.0221923 0.195557 61.9342
0.203673 0.0769678 0.976009 77.7074 0.00820455 0.996736 -0.0803144 -4.91157 -0.979005 0.0243656 0.202377 62.0286
0.21132 0.0778396 0.974312 78.2758 0.00642085 0.996692 -0.0810201 -4.94379 -0.977396 0.0233771 0.210121 62.1595
0.219567 0.0753707 0.972682 78.8475 0.00672533 0.996871 -0.0787632 -4.99195 -0.975574 0.0238354 0.218373 62.3019
0.228673 0.0747975 0.970625 79.4227 0.00342253 0.996976 -0.0776344 -5.03791 -0.973497 0.0210749 0.227726 62.4456
0.238067 0.0750596 0.968344 80.0017 0.00184968 0.996972 -0.0777334 -5.07569 -0.971247 0.0202969 0.237207 62.598
0.247553 0.0788009 0.965665 80.5977 -0.00393689 0.996761 -0.0803292 -5.12932 -0.968866 0.016084 0.247061 62.7753
0.25699 0.0806616 0.963042 81.1804 -0.00670295 0.996636 -0.0816866 -5.163 -0.966391 0.0145374 0.256666 62.9364
0.267662 0.0837094 0.95987 81.7819 -0.0107885 0.996417 -0.0838882 -5.20522 -0.963452 0.0120981 0.267606 63.1199
0.277923 0.0854087 0.956799 82.3894 -0.0120298 0.996271 -0.0854379 -5.25362 -0.960528 0.012235 0.277914 63.3084
0.287884 0.0862571 0.953773 83.0193 -0.0149528 0.996219 -0.0855825 -5.29981 -0.957548 0.0103763 0.288086 63.5109
0.29803 0.0864635 0.950633 83.6284 -0.0160611 0.996202 -0.085573 -5.35101 -0.954421 0.0102351 0.298287 63.7132
0.308504 0.087905 0.947153 84.2834 -0.0206161 0.996105 -0.0857332 -5.38787 -0.951 0.00692249 0.309115 63.9312
0.318919 0.0832819 0.944116 84.9446 -0.0195935 0.996498 -0.081284 -5.4283 -0.947579 0.0074245 0.319434 64.1668
0.329827 0.0757252 0.941 85.6104 -0.0158477 0.997081 -0.0746836 -5.48209 -0.943908 0.00971998 0.330064 64.3971
0.340442 0.0718742 0.937514 86.2637 -0.0149954 0.997362 -0.0710171 -5.52999 -0.940146 0.0101188 0.340622 64.6462
0.350756 0.0686808 0.933945 86.9452 -0.0158396 0.997599 -0.067413 -5.57521 -0.936333 0.00885223 0.351002 64.9118
0.360006 0.0664227 0.930582 87.6316 -0.00969446 0.997675 -0.0674612 -5.61354 -0.9329 0.0152649 0.359813 65.1787
0.368777 0.060912 0.92752 88.3377 -0.00291785 0.997921 -0.0643753 -5.65048 -0.929513 0.0210337 0.368188 65.4528
0.375784 0.0517288 0.925262 89.0568 0.00672858 0.998262 -0.0585427 -5.68741 -0.926683 0.0282251 0.374783 65.734
0.382625 0.0471023 0.922702 89.7618 0.0119547 0.998364 -0.055922 -5.73101 -0.923826 0.0324279 0.381436 66.0263
0.389973 0.0470121 0.919626 90.4694 0.0138595 0.998283 -0.0569103 -5.7784 -0.920722 0.0349391 0.388652 66.3282
0.397644 0.0532746 0.915992 91.183 0.0163112 0.997745 -0.0651103 -5.81448 -0.917395 0.0408317 0.395878 66.6302
0.40459 0.0579694 0.912659 91.8844 0.0200667 0.997186 -0.0722341 -5.85156 -0.914278 0.0475392 0.402288 66.9403
0.409724 0.0600257 0.910232 92.5968 0.0179758 0.997108 -0.0738462 -5.9021 -0.912032 0.0466187 0.40746 67.2735
0.414492 0.0610734 0.908001 93.3 0.0113344 0.997322 -0.0722553 -5.96206 -0.909982 0.040241 0.41269 67.6044
0.418305 0.0649314 0.905983 93.984 0.00452275 0.99728 -0.0735629 -6.01612 -0.908295 0.0348693 0.416874 67.9411
0.422253 0.0679669 0.903926 94.6627 0.00375967 0.997045 -0.0767248 -6.07313 -0.90647 0.0357957 0.42075 68.2702
0.426329 0.0722877 0.901675 95.33 2.70046e-05 0.996801 -0.0799267 -6.13074 -0.904568 0.0340994 0.424963 68.5829
0.429938 0.0748477 0.89975 95.9994 -0.00226159 0.996644 -0.0818273 -6.18581 -0.902856 0.0331458 0.428665 68.9161
0.433598 0.0737126 0.898086 96.6601 -0.00375098 0.996788 -0.0800027 -6.24107 -0.901098 0.0313203 0.432482 69.2474
0.438061 0.0701598 0.896203 97.3126 -0.00211085 0.997027 -0.0770211 -6.29809 -0.898943 0.0318482 0.436907 69.5607
0.441349 0.0677138 0.894777 97.9506 -0.00280377 0.997248 -0.0740855 -6.35072 -0.897331 0.0301888 0.440324 69.8834
0.444841 0.0666908 0.893123 98.5718 -0.00392556 0.997359 -0.0725191 -6.40705 -0.895601 0.0287535 0.443928 70.1995
0.448499 0.0681984 0.891178 99.199 -0.00558607 0.997279 -0.0735067 -6.45614 -0.893766 0.0279895 0.447659 70.5199
0.451076 0.0685081 0.889852 99.8053 -0.00454203 0.997213 -0.0744713 -6.50698 -0.892474 0.0295505 0.45013 70.8344
0.452972 0.0668062 0.889018 100.4 -0.00260418 0.997283 -0.073615 -6.55691 -0.891521 0.0310304 0.451916 71.1396
0.454544 0.0656547 0.888301 100.994 -0.000504654 0.997298 -0.0734525 -6.60449 -0.890724 0.0329391 0.453349 71.4485
0.456966 0.0655653 0.887065 101.58 -0.00180243 0.997346 -0.072788 -6.651 -0.889483 0.0316627 0.455871 71.7431
0.458752 0.0650205 0.886182 102.155 -0.000267114 0.997329 -0.0730373 -6.69697 -0.888564 0.0332693 0.457545 72.0472
0.461467 0.0671206 0.884614 102.717 -0.00104763 0.997174 -0.0751147 -6.73723 -0.887157 0.0337362 0.460234 72.3371
0.46418 0.0666716 0.883228 103.274 0.0023956 0.997065 -0.0765238 -6.78654 -0.885737 0.0376367 0.462658 72.6329
0.467479 0.0662857 0.881516 103.827 0.00370367 0.997029 -0.0769359 -6.83346 -0.883996 0.0392308 0.465845 72.9221
0.470224 0.0642363 0.880206 104.369 0.00672647 0.997058 -0.0763574 -6.88651 -0.882521 0.0418258 0.468409 73.2305
0.473858 0.06356 0.878305 104.867 0.00749635 0.997064 -0.0761986 -6.92509 -0.88057 0.0426914 0.47199 73.4725
0.477199 0.0630956 0.876527 105.387 0.00889434 0.997021 -0.0766115 -6.96647 -0.878751 0.044355 0.475216 73.7556
0.480597 0.0623333 0.874723 105.9 0.00919822 0.997058 -0.0761046 -7.01389 -0.876893 0.0446215 0.47861 74.0413
0.483903 0.0615912 0.872951 106.408 0.0111113 0.997007 -0.0765033 -7.05527 -0.875051 0.0467198 0.481771 74.3263
0.488059 0.0626182 0.870562 106.907 0.010776 0.996915 -0.0777479 -7.10123 -0.872744 0.0473267 0.485878 74.6019
0.491594 0.0627761 0.868559 107.41 0.0125926 0.996782 -0.0791707 -7.1506 -0.870734 0.0498572 0.489221 74.9063
0.496485 0.0664538 0.865498 107.895 0.0104399 0.996536 -0.0825038 -7.1906 -0.867983 0.0499976 0.494071 75.1965
0.502211 0.0720697 0.861736 108.381 0.00711205 0.996143 -0.0874553 -7.23566 -0.864716 0.0500498 0.499762 75.4843
0.507955 0.0792684 0.857729 108.864 0.00178742 0.995658 -0.0930739 -7.28279 -0.861382 0.0488104 0.505607 75.7881
0.513995 0.0853948 0.853532 109.342 -0.00298055 0.995204 -0.0977741 -7.3297 -0.857788 0.0477114 0.511785 76.0865
0.520095 0.0899862 0.849355 109.815 -0.00703694 0.994852 -0.101092 -7.38332 -0.85408 0.0466006 0.518051 76.397
0.525655 0.0903628 0.845885 110.304 -0.0110807 0.994985 -0.0994049 -7.4308 -0.850626 0.0428797 0.52402 76.7138
0.53094 0.0895372 0.842666 110.794 -0.0175232 0.99535 -0.0947196 -7.48077 -0.847228 0.0355242 0.53004 77.0451
0.536866 0.087128 0.839157 111.293 -0.0238783 0.995824 -0.0881179 -7.53335 -0.84333 0.0272699 0.536704 77.3848
0.542629 0.0855804 0.835601 111.802 -0.0306825 0.996152 -0.0820988 -7.58366 -0.839412 0.0189109 0.543167 77.731
0.548581 0.0832053 0.831947 112.307 -0.0329386 0.996414 -0.0779347 -7.6322 -0.835449 0.0153503 0.549354 78.0823
0.554827 0.086944 0.82741 112.821 -0.0378273 0.996132 -0.0793078 -7.67165 -0.831105 0.0127035 0.55597 78.4512
0.560969 0.0911613 0.822802 113.338 -0.0420967 0.995774 -0.0816248 -7.71845 -0.826765 0.0111518 0.562436 78.817
0.567591 0.094658 0.817851 113.866 -0.0446084 0.995445 -0.0842544 -7.75722 -0.822102 0.011339 0.569228 79.1895
0.573799 0.0968399 0.813251 114.393 -0.047082 0.995243 -0.0852918 -7.80409 -0.817642 0.0106509 0.575629 79.5757
0.579646 0.0975465 0.809009 114.934 -0.0500366 0.995196 -0.0841455 -7.85577 -0.813331 0.00829454 0.581742 79.995
0.585972 0.0999846 0.804139 115.498 -0.056759 0.994986 -0.082354 -7.9049 -0.808341 0.00261504 0.588709 80.4155
0.592975 0.0980039 0.799235 116.055 -0.0568864 0.995184 -0.079826 -7.95309 -0.803209 0.00186924 0.595694 80.8455
0.600772 0.0960985 0.793624 116.628 -0.0569916 0.995371 -0.0773853 -7.99837 -0.797387 0.00126097 0.603467 81.283
0.608183 0.095835 0.78799 117.191 -0.0575171 0.995396 -0.076667 -8.05285 -0.79171 0.00130466 0.610896 81.7359
0.615304 0.0983303 0.782133 117.779 -0.0621135 0.995152 -0.0762465 -8.10105 -0.785839 -0.00166631 0.618428 82.2312
0.622808 0.0989987 0.776086 118.363 -0.0629548 0.995087 -0.0764137 -8.14812 -0.779838 -0.00126725 0.625981 82.7309
0.629761 0.0997889 0.770353 118.949 -0.0647541 0.995007 -0.0759535 -8.19123 -0.774085 -0.0020509 0.633078 83.223
0.63505 0.0985473 0.766159 119.563 -0.0646698 0.99513 -0.0743954 -8.24794 -0.769759 -0.00230255 0.63833 83.7466
0.638347 0.0978417 0.763505 120.167 -0.0639982 0.995201 -0.0740258 -8.29146 -0.767084 -0.00160881 0.641545 84.2774
0.642557 0.0956605 0.760243 120.789 -0.0609089 0.995413 -0.0737716 -8.33823 -0.763813 0.00109686 0.645436 84.7804
0.646096 0.0916399 0.757735 121.415 -0.0554185 0.995778 -0.0731751 -8.39293 -0.761242 0.00528557 0.648447 85.3208
0.649787 0.0852763 0.755317 122.05 -0.0474988 0.9963 -0.0716211 -8.44245 -0.758631 0.0106618 0.651434 85.8661
0.65389 0.0789637 0.752458 122.688 -0.0415279 0.996785 -0.0685156 -8.50124 -0.755449 0.0135536 0.655067 86.4193
0.656868 0.0741011 0.750355 123.343 -0.0362324 0.997112 -0.0667512 -8.5462 -0.753134 0.0166596 0.657656 86.9793
0.660545 0.0725564 0.747273 123.987 -0.0359106 0.997233 -0.0650835 -8.59825 -0.749928 0.0161556 0.661323 87.5508
0.662963 0.0739114 0.744995 124.617 -0.0365179 0.997123 -0.0664282 -8.64884 -0.747761 0.0168338 0.663755 88.1341
0.665985 0.078671 0.741805 125.247 -0.0423946 0.996808 -0.0676535 -8.70312 -0.744759 0.0136078 0.667195 88.7203
0.669181 0.082437 0.738513 125.894 -0.0488402 0.996558 -0.0669864 -8.74737 -0.741493 0.00875697 0.670904 89.3175
0.672125 0.0794716 0.736161 126.542 -0.0489611 0.996818 -0.0629084 -8.7915 -0.738817 0.00623908 0.673877 89.9237
0.675602 0.0769097 0.733244 127.195 -0.0523308 0.997038 -0.056362 -8.83865 -0.735407 -0.00029299 0.677625 90.5411
0.678926 0.0709171 0.730774 127.848 -0.0512776 0.997474 -0.0491593 -8.88202 -0.732414 -0.00409682 0.680847 91.1687
0.683426 0.0671614 0.726924 128.493 -0.0493065 0.997732 -0.0458256 -8.92038 -0.728353 -0.00452368 0.685187 91.7885
0.688069 0.0640294 0.722815 129.149 -0.0433613 0.997947 -0.0471247 -8.95769 -0.724349 0.00108284 0.689433 92.4118
0.693135 0.0605519 0.71826 129.799 -0.0325868 0.998079 -0.0526948 -9.00057 -0.720071 0.0131188 0.693777 93.0373
0.698556 0.0626703 0.712806 130.449 -0.0273044 0.997766 -0.0609657 -9.04491 -0.715034 0.0231252 0.698707 93.668
0.704244 0.0631321 0.707145 131.094 -0.024461 0.997605 -0.0647029 -9.08788 -0.709536 0.0282692 0.704102 94.3078
0.710264 0.058828 0.701473 131.745 -0.0219664 0.997869 -0.0614432 -9.13408 -0.703592 0.0282321 0.710043 94.9634
0.71611 0.0529234 0.695978 132.391 -0.0172988 0.998161 -0.0581027 -9.19023 -0.697773 0.0295684 0.715709 95.6235
0.721141 0.0505077 0.690945 133.03 -0.0135598 0.998177 -0.0588138 -9.24179 -0.692656 0.033044 0.720511 96.3092
0.725659 0.0515225 0.686123 133.664 -0.0102552 0.997892 -0.0640877 -9.29412 -0.687978 0.0394695 0.724658 96.9876
0.729474 0.0533863 0.681922 134.295 -0.0115765 0.99777 -0.0657296 -9.34083 -0.683911 0.0400537 0.728465 97.6595
0.732645 0.050583 0.678728 134.93 -0.00934529 0.997888 -0.064281 -9.39774 -0.680546 0.0407523 0.731571 98.3471
0.73519 0.0448331 0.676376 135.564 -0.00552941 0.998174 -0.0601529 -9.44642 -0.677838 0.0404839 0.734096 99.033
0.736284 0.0409258 0.675434 136.198 -0.00266133 0.998337 -0.05759 -9.49927 -0.676667 0.0406051 0.735169 99.7385
0.73726 0.0366617 0.674613 136.834 2.42162e-05 0.998525 -0.0542911 -9.55547 -0.675609 0.040043 0.736172 100.411
0.737828 0.0351846 0.674071 137.477 0.00139972 0.998559 -0.0536541 -9.58623 -0.674988 0.040531 0.736715 101.104
0.737496 0.0351278 0.674437 138.108 0.000759063 0.998603 -0.0528419 -9.62857 -0.675351 0.0394826 0.736439 101.807
0.737081 0.0376352 0.674756 138.74 -0.00126095 0.998523 -0.0543163 -9.67711 -0.675803 0.0391847 0.73604 102.494
0.735769 0.0412872 0.675972 139.377 -0.00482991 0.998434 -0.0557254 -9.72079 -0.677215 0.0377361 0.734817 103.207
0.733519 0.0462024 0.678096 140.007 -0.00990204 0.998307 -0.0573088 -9.77869 -0.679596 0.0353226 0.732735 103.926
0.731437 0.0490085 0.680146 140.638 -0.0141579 0.99829 -0.0567072 -9.82812 -0.681762 0.0318483 0.73088 104.622
0.728962 0.0506298 0.682679 141.275 -0.0162934 0.998262 -0.0566365 -9.87295 -0.68436 0.0301627 0.72852 105.325
0.726956 0.0497562 0.684879 141.912 -0.0171341 0.998375 -0.0543449 -9.92633 -0.68647 0.0277716 0.726628 105.996
0.724361 0.0484712 0.687715 142.556 -0.0181868 0.998522 -0.0512213 -9.97078 -0.689181 0.0245954 0.724171 106.689
0.721743 0.044374 0.690738 143.206 -0.014084 0.998678 -0.0494404 -10.0191 -0.692018 0.0259549 0.721413 107.364
0.719014 0.0485002 0.693302 143.844 -0.01474 0.998402 -0.0545569 -10.0714 -0.69484 0.0290079 0.718579 108.03
0.715587 0.0588015 0.696044 144.473 -0.0201445 0.997773 -0.0635813 -10.1153 -0.698232 0.0314766 0.715179 108.691
0.711631 0.065875 0.699458 145.096 -0.023362 0.997263 -0.0701536 -10.1688 -0.702164 0.0335828 0.711222 109.36
0.70773 0.0644863 0.703534 145.731 -0.0248265 0.997481 -0.0664551 -10.2182 -0.706047 0.029566 0.707548 110.017
0.703863 0.0629684 0.707539 146.374 -0.0280905 0.997751 -0.0608517 -10.2755 -0.70978 0.0229562 0.70405 110.674
0.700422 0.0616529 0.711061 147.015 -0.030361 0.997934 -0.0566196 -10.3204 -0.713083 0.0180691 0.700847 111.318
0.696439 0.0616868 0.71496 147.632 -0.0301131 0.997933 -0.0567687 -10.3689 -0.716984 0.0180063 0.696857 111.946
0.694426 0.0590308 0.717139 148.317 -0.0273463 0.998074 -0.0556757 -10.4244 -0.719044 0.0190516 0.694703 112.581
0.691299 0.0585185 0.720195 148.964 -0.0237341 0.998016 -0.0583107 -10.4717 -0.722179 0.0232169 0.691317 113.203
0.687697 0.0576446 0.723706 149.611 -0.0201466 0.997974 -0.0603464 -10.5225 -0.725718 0.0269198 0.687465 113.82
0.683958 0.0589106 0.727139 150.274 -0.0176836 0.99778 -0.0642036 -10.5702 -0.729307 0.0310541 0.683481 114.447
0.679508 0.0587484 0.731312 150.917 -0.018078 0.997827 -0.0633609 -10.6315 -0.733445 0.0298336 0.679093 115.062
0.675822 0.060553 0.734573 151.593 -0.0199094 0.997756 -0.0639309 -10.6756 -0.736796 0.028581 0.675511 115.69
0.671255 0.0595129 0.738834 152.26 -0.0183262 0.997799 -0.0637226 -10.7241 -0.741 0.0292341 0.670868 116.283
0.665607 0.0618825 0.743732 152.933 -0.0204261 0.997694 -0.064733 -10.7729 -0.746023 0.0278952 0.665336 116.891
0.659549 0.0684901 0.748534 153.598 -0.0231048 0.997217 -0.0708861 -10.8169 -0.751306 0.0294581 0.659296 117.49
0.653107 0.0750441 0.753538 154.276 -0.0272933 0.996764 -0.075611 -10.8801 -0.756774 0.0288155 0.653041 118.097
0.646932 0.0774084 0.758608 154.971 -0.0270999 0.99654 -0.0785765 -10.9383 -0.762066 0.0302754 0.646792 118.693
0.640109 0.071936 0.764909 155.668 -0.0279788 0.997129 -0.0703613 -10.9975 -0.767775 0.0236376 0.640284 119.282
0.633095 0.0679398 0.771087 156.377 -0.0336286 0.997614 -0.0602884 -11.0506 -0.773343 0.0122377 0.633869 119.88
0.625975 0.0632952 0.77727 157.101 -0.0333248 0.997961 -0.0544286 -11.1068 -0.77913 0.00816856 0.626809 120.475
0.618797 0.0645953 0.782891 157.828 -0.0381298 0.997909 -0.0521984 -11.1463 -0.784625 0.00244873 0.619966 121.06
0.61084 0.0659052 0.789006 158.554 -0.0366224 0.997815 -0.0549941 -11.1896 -0.790906 0.00469729 0.611919 121.628
0.6042 0.0657036 0.794119 159.295 -0.0307859 0.997775 -0.0591304 -11.2375 -0.796237 0.011279 0.604879 122.19
0.597121 0.0746515 0.79867 160.045 -0.03006 0.997043 -0.0707192 -11.2848 -0.801588 0.0182199 0.597599 122.761
0.589941 0.07566 0.803894 160.808 -0.0261777 0.996869 -0.0746116 -11.3395 -0.807022 0.0229723 0.590075 123.314
0.582782 0.0716038 0.809468 161.57 -0.0236191 0.997182 -0.0712039 -11.4049 -0.812285 0.0223774 0.582831 123.865
0.575756 0.0657206 0.814976 162.345 -0.0190966 0.997573 -0.0669543 -11.4592 -0.817398 0.0229861 0.575614 124.409
0.56858 0.0650325 0.820053 163.11 -0.0186236 0.997632 -0.0662025 -11.5173 -0.822417 0.022369 0.568445 124.948
0.561601 0.0665257 0.824729 163.877 -0.0197995 0.997558 -0.0669842 -11.5746 -0.827171 0.0212892 0.561547 125.478
0.555675 0.0643383 0.828906 164.624 -0.0154741 0.997629 -0.0670609 -11.6353 -0.831255 0.0244375 0.555353 125.976
0.550664 0.0581132 0.832702 165.385 -0.0102576 0.997969 -0.0628636 -11.6953 -0.834664 0.0260752 0.550142 126.469
0.545736 0.0558792 0.836092 166.142 -0.0100104 0.998138 -0.0601753 -11.7453 -0.837898 0.0244702 0.545279 126.972
0.541383 0.0547065 0.838994 166.89 -0.0117757 0.998276 -0.0574938 -11.804 -0.840694 0.0212465 0.541094 127.458
0.536315 0.0567053 0.842111 167.615 -0.0119754 0.998151 -0.0595858 -11.8582 -0.843933 0.0218721 0.536003 127.923
0.532743 0.0592936 0.844197 168.351 -0.0107997 0.997938 -0.0632765 -11.9123 -0.846208 0.0245931 0.532285 128.391
0.529996 0.0650269 0.845503 169.085 -0.0110226 0.9975 -0.0698074 -11.9616 -0.847928 0.027678 0.529388 128.846
0.526267 0.0679563 0.847599 169.804 -0.0133155 0.997338 -0.0716941 -12.0098 -0.850215 0.026444 0.525771 129.309
0.523279 0.0631885 0.849816 170.527 -0.0128463 0.997719 -0.0662757 -12.0692 -0.852065 0.0237637 0.522897 129.765
