1 0 0 0 0 1 0 0 0 0 1 0
0.999997 0.00215726 -0.000699821 -0.00338337 -0.00215663 0.999997 0.000882578 -0.00436227 0.000701736 -0.000881057 0.999999 -0.955026
0.999994 0.003275 -0.00106466 0.00503243 -0.00327823 0.99999 -0.00304748 0.0062548 0.0010547 0.00305094 0.999995 -1.925
0.999984 0.00567748 -0.000541372 0.00121812 -0.00568234 0.999939 -0.00943399 0.0401136 0.000487762 0.00943692 0.999955 -2.84485
0.999956 0.00936139 0.0010126 -0.00828449 -0.0093512 0.99991 -0.00963816 0.0478875 -0.00110272 0.00962827 0.999953 -3.78481
0.999928 0.0118782 0.00176133 -0.0113879 -0.0118663 0.999908 -0.00660243 0.0348117 -0.00183959 0.00658105 0.999977 -4.71488
0.999918 0.0125311 0.00280175 -0.0187663 -0.0125232 0.999918 -0.00281945 0.00869364 -0.00283685 0.00278413 0.999992 -5.635
0.999921 0.0121508 0.00321534 -0.0138268 -0.0121417 0.999922 -0.00283186 0.0205662 -0.00324951 0.00279259 0.999991 -6.55496
0.999919 0.0119355 0.00447084 -0.0201473 -0.0119141 0.999918 -0.00477559 0.0397916 -0.00452747 0.00472193 0.999979 -7.46488
0.99992 0.0117435 0.00459437 -0.00867385 -0.0117092 0.999904 -0.00742 0.0620055 -0.00468104 0.00736563 0.999962 -8.4148
0.999918 0.01175 0.00518359 -0.0092958 -0.0117023 0.99989 -0.0091436 0.0854821 -0.00529044 0.00908219 0.999945 -9.3347
0.999895 0.013134 0.00617686 -0.0290889 -0.013074 0.999868 -0.00965299 0.094982 -0.00630281 0.00957123 0.999934 -10.2346
0.999885 0.0133974 0.00709426 -0.0384005 -0.0133267 0.999862 -0.00992004 0.106574 -0.0072262 0.00982434 0.999926 -11.1346
0.999874 0.0139126 0.00770292 -0.0433199 -0.0138467 0.999868 -0.008546 0.0938634 -0.00782081 0.00843824 0.999934 -12.0346
0.999864 0.013823 0.00901981 -0.0521543 -0.013767 0.999886 -0.00624334 0.0608257 -0.00910509 0.00611832 0.99994 -12.9348
0.99982 0.0157557 0.0105291 -0.071579 -0.0157047 0.999865 -0.0049071 0.0409556 -0.010605 0.00474085 0.999933 -13.8349
0.999812 0.0148514 0.0124341 -0.101437 -0.0147995 0.999881 -0.00425977 0.0374169 -0.0124959 0.00407497 0.999914 -14.8349
0.999814 0.0135459 0.0137389 -0.114707 -0.0134983 0.999903 -0.00354991 0.0303583 -0.0137856 0.00336381 0.999899 -15.6349
0.999802 0.0127483 0.0152756 -0.136806 -0.0126895 0.999912 -0.00393926 0.0455598 -0.0153245 0.00374464 0.999876 -16.5348
0.999779 0.0127121 0.016752 -0.159109 -0.0126394 0.99991 -0.00444079 0.0545615 -0.0168069 0.00422806 0.99985 -17.4347
0.999754 0.0124683 0.0183406 -0.186391 -0.0123581 0.999905 -0.00611301 0.0937265 -0.0184151 0.00588486 0.999813 -18.3345
0.999731 0.0122791 0.0196942 -0.208681 -0.0121422 0.999901 -0.00705789 0.121068 -0.019779 0.00681685 0.999781 -19.2344
0.999686 0.0134627 0.0211308 -0.234982 -0.0133115 0.999885 -0.00727864 0.133473 -0.0212263 0.00699508 0.99975 -20.1343
0.999661 0.012835 0.0226365 -0.271161 -0.0126911 0.999898 -0.00649065 0.112931 -0.0227175 0.00620118 0.999723 -20.9343
0.999636 0.0129904 0.0236388 -0.280478 -0.0128502 0.999899 -0.00607514 0.103413 -0.0237153 0.00576919 0.999702 -21.8344
0.999619 0.0128588 0.0244239 -0.301745 -0.012661 0.999886 -0.00823427 0.162124 -0.024527 0.00792189 0.999668 -22.7341
0.999587 0.0141553 0.0250008 -0.314858 -0.0138845 0.999843 -0.0109724 0.232864 -0.0251522 0.0106208 0.999627 -23.5338
0.999555 0.0146151 0.0259893 -0.338997 -0.0143012 0.999823 -0.0122247 0.266513 -0.0261633 0.0118476 0.999587 -24.3336
0.999555 0.0139001 0.0264006 -0.345326 -0.0136131 0.999847 -0.0110193 0.241603 -0.0265498 0.010655 0.999591 -25.2337
0.999554 0.0117912 0.0274212 -0.365528 -0.0115554 0.999895 -0.00873996 0.19065 -0.0275214 0.00841921 0.999586 -26.0339
0.999545 0.0111236 0.0280339 -0.376732 -0.0109377 0.999917 -0.00677557 0.13659 -0.028107 0.00646587 0.999584 -26.8341
0.999529 0.00997453 0.0290383 -0.400912 -0.00980164 0.999933 -0.00608978 0.11564 -0.0290971 0.00580227 0.99956 -27.6342
0.9995 0.00985323 0.0300384 -0.423071 -0.00967801 0.999935 -0.00597327 0.123928 -0.0300953 0.00567958 0.999531 -28.4341
0.99942 0.00967992 0.0326411 -0.501105 -0.00951762 0.999942 -0.00512433 0.102322 -0.0326887 0.0048107 0.999454 -29.1341
0.999367 0.0103835 0.0340385 -0.534259 -0.0102071 0.999934 -0.00535274 0.117178 -0.0340918 0.00500191 0.999406 -29.934
0.99931 0.0104713 0.0356286 -0.577383 -0.0102335 0.999924 -0.00684787 0.17214 -0.0356976 0.00647854 0.999342 -30.7337
0.999236 0.0106516 0.0376151 -0.643355 -0.010326 0.999908 -0.00884039 0.235365 -0.0377058 0.00844521 0.999253 -31.4334
0.999161 0.00958921 0.0398068 -0.711478 -0.00918079 0.999903 -0.0104305 0.292646 -0.039903 0.0100563 0.999153 -32.233
0.999083 0.00833051 0.0420089 -0.796498 -0.00790961 0.999917 -0.0101756 0.290886 -0.0420902 0.009834 0.999065 -32.9329
0.999022 0.00596053 0.0438156 -0.840529 -0.00555226 0.99994 -0.0094335 0.274096 -0.0438692 0.00918099 0.998995 -33.6329
0.998943 0.00358649 0.0458204 -0.91957 -0.00319807 0.999958 -0.00854758 0.243931 -0.0458491 0.00839201 0.998913 -34.3329
0.998879 0.00347209 0.0472164 -0.966564 -0.00302741 0.99995 -0.00948638 0.278543 -0.047247 0.0093328 0.99884 -35.0327
0.998845 0.00189987 0.0480162 -0.97352 -0.00134484 0.999932 -0.0115885 0.363725 -0.0480349 0.0115106 0.998779 -35.7323
0.998846 -0.000857116 0.0480259 -0.970524 0.00143425 0.999927 -0.0119838 0.3849 -0.0480121 0.0120388 0.998774 -36.4323
0.998886 -0.00380525 0.0470343 -0.924471 0.00424627 0.999948 -0.00928015 0.283591 -0.0469965 0.00946954 0.99885 -37.0328
0.998959 -0.00587931 0.0452341 -0.854575 0.00616674 0.999962 -0.00621737 0.168499 -0.0451958 0.00648984 0.998957 -37.7334
0.99902 -0.00619073 0.0438304 -0.811516 0.00637233 0.999972 -0.00400487 0.0764121 -0.0438044 0.00428025 0.999031 -38.3339
0.999158 -0.00690753 0.0404379 -0.672497 0.00711875 0.999962 -0.00508189 0.128588 -0.0404013 0.00536547 0.999169 -39.0339
0.99923 -0.0116776 0.037456 -0.544293 0.011968 0.9999 -0.00753802 0.233817 -0.0373642 0.00798049 0.99927 -39.6336
0.999315 -0.0157213 0.0334919 -0.378199 0.0160988 0.99981 -0.0110339 0.388172 -0.033312 0.0115655 0.999378 -40.3331
0.999352 -0.0211402 0.0291217 -0.184037 0.0214952 0.999698 -0.0119327 0.435754 -0.0288607 0.012551 0.999505 -40.9332
0.999426 -0.024158 0.0237385 0.0422444 0.0244521 0.999627 -0.0121757 0.448859 -0.0234355 0.0127491 0.999644 -41.4335
0.999435 -0.0283622 0.0180611 0.293431 0.0286163 0.999493 -0.0139682 0.530398 -0.0176558 0.0144771 0.999739 -42.0335
0.999376 -0.0333799 0.0115946 0.579629 0.0335603 0.999313 -0.015733 0.627913 -0.0110615 0.0161123 0.999809 -42.6335
0.999303 -0.037016 0.00481694 0.872913 0.0370879 0.999187 -0.0158184 0.643968 -0.00422748 0.015986 0.999863 -43.1338
0.99917 -0.040654 -0.00257477 1.20921 0.0406071 0.999044 -0.0161998 0.671993 0.00323089 0.0160818 0.999865 -43.6342
0.998955 -0.044687 -0.00957257 1.50848 0.0445291 0.998878 -0.0161211 0.678044 0.0102822 0.015678 0.999824 -44.1346
0.998674 -0.0484976 -0.0172774 1.8578 0.0482716 0.998746 -0.0132655 0.549607 0.017899 0.0124139 0.999763 -44.5357
0.998376 -0.0510905 -0.0251819 2.22701 0.0508287 0.998648 -0.0109279 0.453609 0.0257061 0.00963024 0.999623 -45.0367
0.998111 -0.0517081 -0.0331654 2.59644 0.0513596 0.998617 -0.0112774 0.473155 0.0337027 0.00955273 0.999386 -45.4371
0.997868 -0.0508076 -0.0409594 2.94606 0.0503137 0.998649 -0.0130001 0.558261 0.0415645 0.0109116 0.999076 -45.7373
0.997404 -0.0528483 -0.0489135 3.31553 0.0522095 0.998535 -0.0142465 0.619807 0.0495947 0.0116558 0.998701 -46.1375
0.996714 -0.0562857 -0.0582571 3.76513 0.0554866 0.998343 -0.0152464 0.679841 0.0590187 0.0119638 0.998185 -46.4379
0.99597 -0.0604815 -0.0662214 4.13469 0.0596043 0.998107 -0.0151447 0.670934 0.067012 0.0111366 0.99769 -46.7385
0.995097 -0.0643084 -0.0751443 4.56429 0.0632708 0.997866 -0.0161101 0.725982 0.07602 0.0112767 0.997043 -47.0389
0.994383 -0.0637731 -0.0844688 5.01405 0.0625173 0.997892 -0.0174318 0.795561 0.0854024 0.0120532 0.996274 -47.2392
0.993505 -0.062388 -0.095162 5.50357 0.0611335 0.998001 -0.0160446 0.727567 0.0959727 0.0101227 0.995332 -47.5402
0.992421 -0.0603901 -0.10702 6.08314 0.0594253 0.998158 -0.0121848 0.544055 0.107559 0.00573276 0.994182 -47.7419
0.990815 -0.0611516 -0.120605 6.74288 0.060506 0.998127 -0.00901106 0.388029 0.12093 0.00163096 0.99266 -47.8436
0.988738 -0.0624447 -0.136008 7.49255 0.0619338 0.998048 -0.00798866 0.340391 0.136241 -0.000524829 0.990676 -48.0449
0.986229 -0.0643573 -0.152351 8.29226 0.0639048 0.997925 -0.00787032 0.334717 0.152541 -0.00197398 0.988295 -48.2461
0.983469 -0.0648019 -0.169083 9.11211 0.0643999 0.997893 -0.00786634 0.335573 0.169237 -0.00315266 0.98557 -48.3473
0.980211 -0.063456 -0.187512 10.0221 0.0631931 0.997974 -0.00738576 0.30701 0.1876 -0.00460984 0.982235 -48.3487
0.97624 -0.0628031 -0.20739 11.022 0.0624353 0.998014 -0.00832512 0.354635 0.207501 -0.00482115 0.978223 -48.45
0.971888 -0.0624374 -0.227015 12.022 0.0621652 0.998031 -0.00835566 0.356906 0.22709 -0.00599168 0.973855 -48.4514
0.966502 -0.0642906 -0.248477 13.022 0.0643609 0.997896 -0.00784965 0.331178 0.248459 -0.00840549 0.968606 -48.453
0.960084 -0.065406 -0.271957 14.2221 0.0657513 0.997805 -0.00785304 0.331849 0.271874 -0.010342 0.962277 -48.3547
0.953092 -0.0666112 -0.295261 15.4223 0.0670039 0.997714 -0.00879947 0.38752 0.295172 -0.0113969 0.955376 -48.2562
0.94482 -0.0690275 -0.320236 16.7226 0.0693037 0.99754 -0.0105489 0.484664 0.320177 -0.0122268 0.947279 -48.0576
0.934412 -0.071213 -0.349003 18.123 0.0713882 0.997372 -0.0123776 0.579735 0.348967 -0.0133489 0.93704 -47.8592
0.924123 -0.0716335 -0.375321 19.5235 0.0719443 0.997321 -0.0132055 0.630352 0.375262 -0.0147987 0.926801 -47.561
0.911401 -0.0689371 -0.405705 21.124 0.0698354 0.997479 -0.0126085 0.60337 0.405551 -0.0168412 0.913917 -47.1635
0.89623 -0.0647995 -0.438831 22.7247 0.0669128 0.997702 -0.0106678 0.497935 0.438514 -0.0198026 0.898506 -46.6663
0.879289 -0.0626002 -0.472157 24.5256 0.0665194 0.99775 -0.00840724 0.379446 0.471621 -0.0240152 0.881474 -45.9694
0.860016 -0.061807 -0.50651 26.3266 0.0680352 0.997663 -0.00622153 0.259157 0.505711 -0.0291099 0.862212 -45.2726
0.838064 -0.0611629 -0.542133 28.2277 0.0697015 0.997556 -0.00479416 0.178481 0.541102 -0.0337697 0.840279 -44.4757
0.813454 -0.0620497 -0.57831 30.1291 0.0722709 0.997371 -0.0053562 0.207416 0.577121 -0.0374379 0.8158 -43.4783
0.78564 -0.0650039 -0.61526 32.1308 0.0759876 0.997074 -0.00831325 0.350562 0.614 -0.0402209 0.788281 -42.3806
0.755647 -0.0688726 -0.651348 34.0327 0.0804945 0.996683 -0.0120038 0.542727 0.650014 -0.0433593 0.758685 -41.1824
0.722504 -0.0684908 -0.687966 36.0348 0.081519 0.996579 -0.0136033 0.630912 0.686544 -0.0462539 0.725616 -39.7849
0.685954 -0.064952 -0.72474 38.1372 0.0788781 0.996776 -0.0146755 0.691116 0.723357 -0.0470994 0.688866 -38.1877
0.646868 -0.0618833 -0.760087 40.0397 0.0772254 0.996894 -0.015441 0.736012 0.758682 -0.0487097 0.649638 -36.4902
0.605206 -0.059746 -0.793824 42.0424 0.0764023 0.996936 -0.0167843 0.817381 0.792394 -0.0504921 0.607916 -34.6927
0.558077 -0.0568006 -0.827843 44.0454 0.0767478 0.996911 -0.0166626 0.795388 0.826232 -0.0542361 0.560713 -32.5957
0.50984 -0.0533205 -0.858615 45.8487 0.0752148 0.997018 -0.0172533 0.841087 0.856975 -0.0557841 0.51233 -30.3981
0.461415 -0.0511109 -0.885711 47.4518 0.0731169 0.997134 -0.0194501 0.972385 0.884166 -0.0557859 0.46383 -28.2998
0.413077 -0.0505202 -0.909294 48.9552 0.0707674 0.997222 -0.023257 1.1743 0.907942 -0.0547414 0.415505 -26.1011
0.362358 -0.0536821 -0.930492 50.3586 0.0705024 0.997058 -0.030067 1.56329 0.929369 -0.0547068 0.365077 -23.9013
0.31385 -0.0516719 -0.948066 51.5619 0.0711398 0.996991 -0.0307882 1.59242 0.946804 -0.0577823 0.316581 -21.7029
0.266487 -0.0402544 -0.962998 52.5646 0.0678115 0.997435 -0.0229287 1.16216 0.96145 -0.0591921 0.268533 -19.6063
0.221263 -0.0272026 -0.974835 53.4672 0.0621842 0.99797 -0.0137339 0.662432 0.97323 -0.0575805 0.222505 -17.6098
0.178415 -0.0180777 -0.983789 54.1695 0.0610399 0.998109 -0.00727101 0.309752 0.98206 -0.0587532 0.179181 -15.8124
0.139309 -0.0146837 -0.99014 54.7718 0.0624278 0.998031 -0.0060174 0.226051 0.988279 -0.0609739 0.139952 -14.2137
0.107263 -0.00632422 -0.99421 55.1734 0.062801 0.998026 0.000426995 -0.139139 0.992245 -0.0624832 0.107449 -12.9159
0.0792321 0.00087793 -0.996856 55.5746 0.061667 0.99808 0.00578043 -0.421968 0.994947 -0.0619311 0.0790258 -11.9178
0.0540525 0.0075678 -0.998509 55.8758 0.0597826 0.998153 0.0108013 -0.68927 0.996747 -0.0602773 0.0535002 -11.0194
0.0344265 0.0127491 -0.999326 56.0763 0.0589837 0.99815 0.0147661 -0.915684 0.997665 -0.0594523 0.0336109 -10.5207
0.0175738 0.0161012 -0.999716 56.1766 0.0610711 0.997986 0.0171469 -1.08312 0.997979 -0.0613551 0.0165551 -10.2216
0.00482819 0.0160886 -0.999859 56.377 0.0604348 0.998038 0.0163511 -1.03417 0.99816 -0.0605052 0.00384641 -10.0217
-0.00644248 0.0171646 -0.999832 56.4771 0.0615198 0.997966 0.0167362 -1.0647 0.998085 -0.0614016 -0.00748534 -9.92197
-0.0161596 0.0220451 -0.999626 56.5767 0.0645106 0.997697 0.0209597 -1.34431 0.997786 -0.0641478 -0.0175445 -10.0234
-0.0216545 0.0260715 -0.999426 56.5761 0.0664461 0.997487 0.0245813 -1.57295 0.997555 -0.0658756 -0.0233325 -10.3244
-0.0273234 0.0259801 -0.999289 56.6756 0.0659472 0.997531 0.0241312 -1.55121 0.997449 -0.0652409 -0.0289692 -10.7245
-0.0302677 0.0236391 -0.999262 56.7751 0.0632643 0.997761 0.0216873 -1.38946 0.997538 -0.0625613 -0.0316955 -11.1239
-0.0332285 0.0220718 -0.999204 56.7744 0.056355 0.998207 0.0201757 -1.20674 0.997858 -0.0556398 -0.0344128 -11.7231
-0.0346324 0.0237058 -0.999119 56.7735 0.0509958 0.998458 0.0219224 -1.23402 0.998098 -0.0501917 -0.0357879 -12.3232
-0.034612 0.025929 -0.999064 56.7724 0.0479179 0.998557 0.0242557 -1.30084 0.998251 -0.0470335 -0.0358045 -13.0235
-0.0344886 0.0292298 -0.998978 56.7712 0.0503601 0.998353 0.0274729 -1.51766 0.998136 -0.0493611 -0.0359038 -13.7245
-0.0329651 0.0298674 -0.99901 56.7701 0.0580388 0.997924 0.0279198 -1.68448 0.99777 -0.057061 -0.0346302 -14.4253
-0.0328022 0.0309787 -0.998982 56.6688 0.0660948 0.997399 0.0287594 -1.88077 0.997274 -0.0650841 -0.0347644 -15.226
-0.0299407 0.0315968 -0.999052 56.6674 0.0667701 0.997331 0.0295413 -1.95668 0.997319 -0.0658224 -0.0319705 -16.1264
-0.0271932 0.0313027 -0.99914 56.6662 0.0623551 0.997616 0.0295579 -1.8726 0.997683 -0.0614977 -0.0290802 -17.026
-0.0244869 0.0308527 -0.999224 56.565 0.055537 0.998022 0.0294546 -1.72844 0.998156 -0.0547727 -0.026152 -17.9252
-0.021721 0.0296224 -0.999325 56.5637 0.0537887 0.998148 0.0284184 -1.62435 0.998316 -0.0531351 -0.0232741 -18.8247
-0.0185914 0.0365629 -0.999158 56.462 0.0589809 0.997631 0.0354095 -2.13019 0.998086 -0.058273 -0.0207038 -19.7269
-0.0155848 0.0384341 -0.99914 56.3606 0.0649267 0.997191 0.0373464 -2.36603 0.997768 -0.0642888 -0.0180365 -20.6278
-0.0129419 0.0326921 -0.999382 56.3595 0.0656825 0.997335 0.0317745 -2.08194 0.997757 -0.0652306 -0.0150547 -21.5266
-0.0103295 0.0281981 -0.999549 56.2584 0.061523 0.997727 0.0275109 -1.73779 0.998052 -0.0612111 -0.0120408 -22.4249
-0.00460038 0.032247 -0.999469 56.1568 0.0575034 0.997835 0.0319296 -1.87317 0.998335 -0.057326 -0.00644473 -23.4253
-0.00161395 0.0364963 -0.999333 56.0553 0.0587743 0.99761 0.0363385 -2.15901 0.99827 -0.0586764 -0.00375514 -24.3265
0.00128273 0.0361586 -0.999345 56.0539 0.0629122 0.997363 0.0361676 -2.25492 0.998018 -0.0629174 -0.000995463 -25.2269
0.00540696 0.0321752 -0.999468 55.9526 0.0637827 0.997436 0.0324549 -2.08031 0.997949 -0.0639242 0.00334087 -26.226
0.00962665 0.0314883 -0.999458 55.8512 0.0634805 0.997469 0.0320371 -2.0457 0.997937 -0.0637545 0.00760339 -27.2257
0.0125392 0.0355105 -0.999291 55.7498 0.0604463 0.997514 0.0362058 -2.19154 0.998093 -0.0608574 0.0103615 -28.1262
0.0155289 0.0399008 -0.999083 55.5483 0.0612339 0.99729 0.040781 -2.4673 0.998003 -0.0618111 0.0130435 -29.0272
0.0198791 0.0432974 -0.998864 55.4466 0.061444 0.99712 0.0444447 -2.68269 0.997913 -0.0622578 0.0171614 -30.0281
0.0213282 0.0436121 -0.998821 55.4453 0.0619621 0.99707 0.0448588 -2.7186 0.997851 -0.0628458 0.0185634 -30.9282
0.0269963 0.0451392 -0.998616 55.344 0.0601158 0.997099 0.0466958 -2.75444 0.997826 -0.0612932 0.0242044 -31.8282
0.0298665 0.0472789 -0.998435 55.1426 0.0589285 0.99706 0.0489765 -2.85021 0.997815 -0.060299 0.0269926 -32.7284
0.0326361 0.0453059 -0.99844 55.1413 0.0590711 0.997138 0.0471777 -2.75612 0.99772 -0.0605187 0.0298664 -33.628
0.0353973 0.0415374 -0.99851 55.04 0.0615625 0.997148 0.0436632 -2.64151 0.997475 -0.0630164 0.0327392 -34.6273
0.0382952 0.0437423 -0.998309 54.9386 0.0614119 0.99705 0.0460429 -2.76735 0.997378 -0.0630713 0.035496 -35.5278
0.0410502 0.0418345 -0.998281 54.8373 0.0609446 0.997158 0.0442936 -2.65319 0.997297 -0.0626581 0.0383839 -36.4271
0.0438338 0.0399382 -0.99824 54.7361 0.0618489 0.997176 0.0426114 -2.59903 0.997123 -0.0636078 0.0412399 -37.3267
0.0465627 0.0373139 -0.998218 54.6349 0.061281 0.997313 0.0401386 -2.43487 0.997034 -0.0630407 0.044151 -38.2258
0.0493681 0.0357614 -0.99814 54.5334 0.0629478 0.997261 0.0388433 -2.42026 0.996795 -0.0647484 0.0469818 -39.2256
0.0522254 0.0348594 -0.998027 54.3319 0.0664315 0.997055 0.0383018 -2.52557 0.996423 -0.0683008 0.0497559 -40.2258
0.055117 0.0356817 -0.997842 54.2305 0.0684601 0.996874 0.0394285 -2.68141 0.99613 -0.0704855 0.052502 -41.1264
0.0592119 0.029834 -0.9978 54.1294 0.0705623 0.996928 0.0339953 -2.43726 0.995748 -0.07242 0.0569248 -42.0252
0.0618821 0.0259338 -0.997747 53.9281 0.0699236 0.997094 0.0302536 -2.21257 0.995631 -0.0716381 0.0598889 -43.0239
0.0648034 0.0281922 -0.9975 53.8265 0.0707858 0.996953 0.0327754 -2.40796 0.995384 -0.0727328 0.0626104 -44.0246
0.0689662 0.027122 -0.99725 53.6252 0.0718131 0.996902 0.0320789 -2.40372 0.995031 -0.073828 0.0668049 -44.9243
0.0731219 0.0235503 -0.997045 53.5238 0.0727603 0.996931 0.0288838 -2.26911 0.994665 -0.0746574 0.071184 -45.9236
0.078695 0.0224218 -0.996647 53.2223 0.0705955 0.997112 0.0280065 -2.1339 0.994396 -0.0725627 0.0768848 -47.0225
0.0815181 0.0226057 -0.996415 53.1209 0.070258 0.997125 0.0283697 -2.11929 0.994192 -0.0723188 0.0796955 -48.0223
0.0870782 0.019534 -0.99601 52.8192 0.0740854 0.996912 0.0260288 -2.16407 0.993443 -0.0760563 0.0853622 -49.1221
0.0927017 0.0173428 -0.995543 52.5174 0.082652 0.996264 0.0250517 -2.49886 0.992258 -0.084606 0.0909219 -50.2232
0.0997967 0.0162239 -0.994876 52.2156 0.0874159 0.995858 0.0250086 -2.74364 0.991161 -0.0894637 0.0979651 -51.3239
0.106697 0.0113602 -0.994227 51.8139 0.0905586 0.995668 0.0210951 -2.6579 0.990159 -0.0922865 0.105206 -52.5229
0.113485 0.00820769 -0.993506 51.5124 0.0878986 0.995962 0.0182684 -2.37224 0.989644 -0.089401 0.112305 -53.7212
0.120567 0.00794486 -0.992673 51.1107 0.0867545 0.996058 0.0185088 -2.3265 0.988907 -0.0883504 0.119402 -54.9204
0.128938 0.00733934 -0.991626 50.6089 0.0834477 0.996346 0.0182247 -2.15023 0.988135 -0.0850987 0.127854 -56.2189
0.13592 0.00519455 -0.990706 50.2075 0.0773912 0.996875 0.0158446 -1.7045 0.987692 -0.0788255 0.135093 -57.4163
0.142681 0.0021812 -0.989766 49.8061 0.0703222 0.997448 0.0123355 -1.13876 0.987267 -0.0713626 0.142163 -58.6132
0.151062 0.00253072 -0.988521 49.3045 0.0669824 0.997672 0.0127902 -0.972952 0.986252 -0.0681456 0.150541 -59.8117
0.158145 0.00260819 -0.987412 48.8026 0.0697333 0.99747 0.0138033 -1.18714 0.98495 -0.0710385 0.157563 -61.012
0.163739 0.00295851 -0.986499 48.5008 0.0763244 0.99696 0.0156582 -1.65237 0.983547 -0.0778578 0.163015 -62.0136
0.167965 0.00134167 -0.985792 48.1991 0.0800773 0.996676 0.0150005 -1.82716 0.982535 -0.0814591 0.167299 -63.114
0.173497 0.000697825 -0.984834 47.8975 0.0829719 0.996434 0.0153231 -2.0024 0.981333 -0.0843721 0.172821 -64.1144
0.178953 -0.00144466 -0.983856 47.5962 0.0822429 0.996521 0.0134959 -1.86764 0.980414 -0.0833303 0.17845 -65.1133
0.183348 0.00118336 -0.983047 47.1946 0.0789398 0.996752 0.0159229 -1.79235 0.979873 -0.080521 0.18266 -66.2124
0.188949 0.00297159 -0.981982 46.8934 0.0722886 0.99724 0.0169273 -1.4876 0.979322 -0.0741845 0.188213 -67.2106
0.191642 0.0012138 -0.981464 46.5924 0.066298 0.997699 0.0141793 -0.963298 0.979223 -0.0677865 0.191121 -68.1078
0.195791 -0.00254686 -0.980642 46.3915 0.0633202 0.997943 0.0100505 -0.52607 0.978599 -0.0640623 0.19555 -69.0055
0.198494 -0.00430259 -0.980093 46.1902 0.0631843 0.997966 0.00841538 -0.420839 0.978063 -0.0635969 0.198362 -69.9048
0.20119 -0.00600544 -0.979534 45.9889 0.0652701 0.997841 0.00728841 -0.477606 0.977375 -0.0654007 0.201148 -70.8048
0.201002 -0.0106833 -0.979533 45.8877 0.0701856 0.997528 0.00352265 -0.5589 0.977073 -0.0694572 0.201255 -71.605
0.203695 -0.0117843 -0.978963 45.7863 0.0744335 0.99722 0.00348349 -0.803192 0.976201 -0.0735772 0.204006 -72.406
0.205176 -0.0120698 -0.978651 45.6849 0.0792184 0.996848 0.00431409 -1.15948 0.975514 -0.0784123 0.205486 -73.2074
0.207933 -0.0117344 -0.978073 45.4837 0.0815085 0.996658 0.00537094 -1.36616 0.974741 -0.080838 0.208195 -73.9081
0.209072 -0.0139652 -0.977801 45.3827 0.0811149 0.9967 0.00310869 -1.22245 0.97453 -0.0799641 0.209514 -74.7073
0.210601 -0.0141762 -0.977469 45.2818 0.0785498 0.996907 0.00246586 -1.0092 0.974411 -0.0772993 0.211063 -75.4062
0.210629 -0.0139056 -0.977467 45.2809 0.0760278 0.997103 0.00219782 -0.816028 0.974605 -0.0747776 0.211076 -76.1053
0.210668 -0.0130978 -0.97747 45.2799 0.0749725 0.997182 0.0027964 -0.78285 0.974678 -0.0738725 0.211056 -76.8052
0.209163 -0.0128131 -0.977797 45.3791 0.0742094 0.997239 0.00280641 -0.720199 0.975061 -0.0731487 0.209536 -77.4051
0.207847 -0.0147058 -0.978051 45.4784 0.0754443 0.997149 0.00103985 -0.688002 0.975247 -0.0740045 0.208364 -77.9051
0.205072 -0.0147349 -0.978636 45.6774 0.0781064 0.996944 0.00135651 -0.885421 0.975625 -0.0767159 0.205596 -78.5062
0.203612 -0.0127917 -0.978968 45.8764 0.0814672 0.996668 0.00392107 -1.27329 0.975656 -0.0805522 0.203976 -79.0083
0.202434 -0.0113029 -0.979231 45.9755 0.08236 0.996587 0.0055228 -1.44109 0.975827 -0.0817674 0.202674 -79.5092
0.19811 -0.0124294 -0.980101 46.2749 0.081628 0.996655 0.00386027 -1.29904 0.976775 -0.0807684 0.198462 -80.009
0.1966 -0.0126368 -0.980402 46.3744 0.0788305 0.996884 0.00295866 -1.02685 0.97731 -0.0778672 0.196984 -80.5079
0.195404 -0.0121207 -0.980648 46.5739 0.0741283 0.997246 0.00244497 -0.654728 0.977917 -0.0731715 0.195764 -81.0065
0.19278 -0.0086089 -0.981204 46.7731 0.0735352 0.997276 0.00569781 -0.812602 0.978483 -0.0732515 0.192888 -81.5075
0.191439 -0.0040805 -0.981496 46.8722 0.0748675 0.997139 0.0104573 -1.20085 0.978645 -0.0754841 0.191197 -81.9095
0.18882 -0.000400648 -0.982012 47.1713 0.0769168 0.996934 0.0143828 -1.59925 0.978995 -0.078249 0.188272 -82.3117
0.186055 -0.000343051 -0.982539 47.3705 0.0790381 0.996764 0.0146187 -1.76713 0.979355 -0.0803779 0.18548 -82.8128
0.186026 -0.00101771 -0.982544 47.4696 0.0817413 0.996549 0.014444 -1.97493 0.979139 -0.0830014 0.185467 -83.3139
0.183369 0.00164114 -0.983043 47.5689 0.08001 0.996656 0.0165883 -1.96273 0.979783 -0.081695 0.182624 -83.8139
0.186411 0.00822288 -0.982438 47.4678 0.0783751 0.996654 0.023213 -2.27993 0.979341 -0.0813258 0.185142 -84.4153
0.186613 0.0134192 -0.982342 47.2668 0.0764974 0.996672 0.028147 -2.43706 0.979451 -0.0803992 0.184966 -85.0157
0.189481 0.0160097 -0.981754 47.1657 0.0757715 0.996647 0.0308767 -2.5538 0.978956 -0.0802395 0.187632 -85.7161
0.192113 0.0126695 -0.981291 46.8648 0.0758905 0.996731 0.0277263 -2.37041 0.978434 -0.0797972 0.190524 -86.4148
0.1991 0.0111607 -0.979916 46.3636 0.0767739 0.996684 0.0269507 -2.37641 0.976967 -0.0805978 0.197583 -87.2141
0.204671 0.0126918 -0.978748 45.7623 0.0756606 0.996719 0.0287466 -2.41189 0.975902 -0.0799363 0.20304 -88.1134
0.211655 0.0114887 -0.977277 45.0608 0.076235 0.99669 0.0282276 -2.43684 0.974367 -0.0804772 0.210079 -89.1125
0.221414 0.0115683 -0.975111 44.3596 0.0741158 0.996838 0.0286551 -2.29224 0.972359 -0.0786157 0.219856 -90.0109
0.229507 0.00841421 -0.973271 43.4582 0.0730409 0.996994 0.0258431 -2.03659 0.970563 -0.0770198 0.228202 -91.1084
0.239173 0.00685089 -0.970953 42.5567 0.0733377 0.996991 0.0250998 -2.0214 0.968203 -0.0772107 0.237951 -92.107
0.248669 0.00140686 -0.968588 41.6553 0.0770194 0.996804 0.0212213 -2.0562 0.965522 -0.0798771 0.247766 -93.1059
0.25822 -0.00175898 -0.966085 40.7536 0.0789269 0.996694 0.0192813 -2.09055 0.962857 -0.0812289 0.257505 -94.2048
0.267696 -0.00589313 -0.963485 39.6521 0.0818048 0.99651 0.0166336 -2.17521 0.960024 -0.0832705 0.267244 -95.2035
0.279941 -0.00753376 -0.959988 38.6504 0.0834768 0.996373 0.0165233 -2.29948 0.956381 -0.0847622 0.279555 -96.3027
0.289391 -0.010697 -0.957151 37.649 0.0842046 0.996346 0.0143239 -2.23421 0.9535 -0.0847418 0.289234 -97.3009
0.298895 -0.0119482 -0.954211 36.5474 0.0849342 0.996286 0.0141295 -2.26842 0.950499 -0.0852683 0.298799 -98.3995
0.309768 -0.0162667 -0.950673 35.4465 0.0856378 0.996267 0.0108574 -2.12444 0.946948 -0.0847768 0.310004 -99.0973
0.319336 -0.015396 -0.947516 34.3452 0.0817123 0.996591 0.0113456 -1.8591 0.944112 -0.0810468 0.319506 -100.094
0.331635 -0.0117982 -0.943334 33.2427 0.0740336 0.997164 0.0135556 -1.33922 0.940498 -0.0743339 0.331568 -102.091
0.341127 -0.0104393 -0.939959 32.1414 0.0701534 0.997433 0.0143822 -1.06388 0.937396 -0.0708475 0.340983 -103.088
0.352026 -0.0115001 -0.935919 30.9403 0.0668612 0.997679 0.0128894 -0.668473 0.933599 -0.0671141 0.351978 -104.084
0.361598 -0.00525627 -0.93232 29.9387 0.0644841 0.99773 0.0193849 -0.893202 0.930102 -0.0671293 0.361116 -105.084
0.369595 0.00168448 -0.929191 28.9373 0.0587012 0.997959 0.0251581 -0.797933 0.927337 -0.063843 0.368742 -106.082
0.376537 0.0113371 -0.926332 28.2361 0.0496264 0.998242 0.0323894 -0.471886 0.925071 -0.0581664 0.375313 -107.079
0.383308 0.0163209 -0.923476 27.4347 0.04542 0.998301 0.0364958 -0.356764 0.922503 -0.0559334 0.381916 -108.078
0.391545 0.0182396 -0.919978 26.5331 0.0455354 0.998195 0.0391703 -0.532566 0.919032 -0.0572285 0.390008 -109.077
0.398301 0.0205304 -0.917025 25.7309 0.051857 0.997647 0.0448589 -1.50743 0.915788 -0.0654215 0.396299 -110.08
0.405057 0.0237992 -0.913982 24.9289 0.0562245 0.997121 0.0508816 -2.3323 0.912561 -0.0719981 0.402553 -111.083
0.411606 0.0216631 -0.911104 24.2273 0.0585459 0.997024 0.0501552 -2.51725 0.909479 -0.0739856 0.409113 -112.083
0.415437 0.014316 -0.909509 23.6261 0.0600153 0.997266 0.0431105 -2.15227 0.90764 -0.0724942 0.413443 -113.08
0.419288 0.00780203 -0.90782 23.1261 0.0636922 0.997246 0.0379877 -2.14191 0.905616 -0.0737488 0.417637 -113.08
0.423317 0.00710513 -0.905954 22.6243 0.0671454 0.996973 0.0391934 -2.537 0.90349 -0.0774219 0.421559 -114.081
0.4257 0.00347275 -0.904858 22.1227 0.0716463 0.996724 0.0375321 -2.86209 0.902024 -0.0808071 0.424056 -115.081
0.430599 0.000976056 -0.902543 21.6211 0.0739648 0.996598 0.036366 -3.00718 0.899508 -0.0824155 0.429062 -116.081
0.434535 -0.00104123 -0.900654 21.1198 0.0727598 0.996771 0.0339517 -2.72228 0.897711 -0.0802847 0.433207 -117.079
0.438602 0.000572439 -0.898681 20.6186 0.0694285 0.996989 0.0345197 -2.41738 0.895995 -0.0775345 0.437242 -118.077
0.442602 0.00058889 -0.896718 20.1188 0.0668573 0.997195 0.0336543 -2.11702 0.894222 -0.0748476 0.441321 -118.075
0.445023 -0.000806596 -0.895519 19.7175 0.0661843 0.997295 0.0319916 -1.94219 0.89307 -0.0735063 0.443872 -119.074
0.448924 -0.00320688 -0.893564 19.2161 0.0673051 0.997274 0.0302348 -1.89729 0.891032 -0.0737146 0.447916 -120.073
0.451416 -0.00226802 -0.892311 18.8145 0.0682853 0.997152 0.0320108 -2.13245 0.889697 -0.0753819 0.450285 -121.073
0.453909 -0.00122248 -0.891047 18.6145 0.0666516 0.997244 0.0325848 -2.02231 0.888552 -0.0741802 0.452739 -121.073
0.455502 0.000869334 -0.890234 18.3131 0.0657544 0.997235 0.034618 -2.06755 0.887803 -0.0743054 0.454185 -122.072
0.457939 0.000582777 -0.888983 18.1117 0.0648264 0.997316 0.0340476 -1.92286 0.886617 -0.0732213 0.456672 -123.071
0.459517 0.00233484 -0.888166 17.8117 0.064263 0.997288 0.03587 -1.98264 0.885841 -0.0735591 0.458121 -123.071
0.461924 0.00127363 -0.886919 17.5101 0.0659704 0.99718 0.0357906 -2.16788 0.884463 -0.0750429 0.460537 -124.072
0.464476 0.00459353 -0.885574 17.1084 0.0655687 0.997064 0.039562 -2.39305 0.883155 -0.0764415 0.462811 -125.072
0.468443 0.00523594 -0.883478 16.7084 0.0652914 0.997043 0.0405282 -2.43275 0.881078 -0.0766687 0.466716 -125.072
0.470092 0.00938463 -0.882568 16.2069 0.063343 0.997006 0.0443406 -2.51785 0.880342 -0.0767486 0.46809 -126.071
0.474075 0.0109183 -0.880417 15.8054 0.0625704 0.996977 0.0460559 -2.57302 0.878258 -0.076922 0.471959 -127.071
0.476531 0.0121723 -0.879074 15.3054 0.0621387 0.996937 0.0474886 -2.62265 0.876959 -0.0772543 0.474315 -127.071
0.480452 0.012445 -0.876933 14.804 0.060782 0.997023 0.0474504 -2.48775 0.874912 -0.0760994 0.478265 -128.069
0.484404 0.0137362 -0.874736 14.4025 0.0604371 0.996962 0.0491239 -2.54292 0.872754 -0.0766624 0.482103 -129.069
0.488304 0.0132996 -0.872572 13.8024 0.0618067 0.996846 0.0497817 -2.76248 0.870482 -0.0782394 0.485942 -129.069
0.49226 0.0150865 -0.870318 13.2008 0.0619513 0.996707 0.0523176 -2.9375 0.868241 -0.0796711 0.489704 -130.069
0.497007 0.0139705 -0.867634 12.499 0.0650338 0.996459 0.0532981 -3.37244 0.865306 -0.082915 0.494338 -131.07
0.502286 0.0103218 -0.86464 11.5986 0.0708772 0.996073 0.0530647 -3.98178 0.861792 -0.087937 0.499581 -131.071
0.508323 0.00499884 -0.861152 10.6966 0.0778178 0.995625 0.051714 -4.65658 0.857643 -0.0933003 0.505711 -132.073
0.514304 -0.000108246 -0.857608 9.7447 0.0843146 0.995162 0.0504375 -5.26134 0.853453 -0.0982491 0.511825 -133.075
0.519413 -0.00466357 -0.854511 8.93441 0.0890221 0.994839 0.0486825 -5.65074 0.849874 -0.101357 0.517147 -133.075
0.525365 -0.00859394 -0.850833 7.91312 0.0894644 0.994964 0.045192 -5.43546 0.84616 -0.0998616 0.523488 -134.073
0.531165 -0.0152202 -0.847132 6.93356 0.0889774 0.995312 0.0379076 -4.83475 0.842584 -0.0955108 0.530029 -134.069
0.537035 -0.0202885 -0.843316 5.97278 0.0858735 0.995832 0.0307276 -3.91952 0.839178 -0.0889204 0.536539 -135.063
0.543502 -0.0263362 -0.838994 4.98193 0.0840736 0.99619 0.0231924 -3.09427 0.835187 -0.0831425 0.543646 -136.058
0.549416 -0.0293634 -0.835032 4.08234 0.0819589 0.996457 0.0188858 -2.53362 0.831519 -0.0788145 0.549876 -136.054
0.555127 -0.0342555 -0.83106 2.93074 0.0857086 0.996189 0.0161892 -2.73824 0.827338 -0.080216 0.555948 -137.053
0.562282 -0.0383342 -0.826057 1.86903 0.0897117 0.995857 0.0148511 -3.08292 0.822065 -0.0824575 0.563391 -138.053
0.568015 -0.040911 -0.822 0.818787 0.0926416 0.995594 0.014466 -3.41215 0.817787 -0.0843684 0.569303 -138.053
0.574404 -0.043604 -0.81741 -0.307655 0.09534 0.995348 0.0139007 -3.66679 0.813001 -0.0859164 0.575889 -139.053
0.580111 -0.0463351 -0.813219 -1.37422 0.0956725 0.995346 0.0115359 -3.54147 0.808899 -0.0844948 0.581844 -140.051
0.586972 -0.0528097 -0.807883 -2.56414 0.098442 0.995122 0.0064745 -3.44061 0.8036 -0.08333 0.589307 -140.048
0.594234 -0.0529451 -0.802548 -3.79537 0.0961978 0.995347 0.00556386 -3.12517 0.798519 -0.0805096 0.596562 -141.045
0.601441 -0.0530556 -0.797154 -5.11661 0.0943163 0.99553 0.00490141 -2.83968 0.793331 -0.0781325 0.603757 -142.042
0.608531 -0.0536889 -0.791712 -6.55805 0.094038 0.995557 0.00476772 -2.81409 0.787938 -0.0773523 0.610876 -143.04
0.617424 -0.0579693 -0.784492 -7.98809 0.096233 0.995356 0.00218796 -2.87304 0.780722 -0.0768449 0.620135 -143.038
0.62435 -0.0587886 -0.778929 -9.33967 0.0972004 0.995261 0.002795 -3.04752 0.775073 -0.0774573 0.627106 -144.037
0.63115 -0.0611027 -0.77325 -10.7211 0.0981146 0.995174 0.00144477 -3.04197 0.76943 -0.076779 0.634099 -145.035
0.63599 -0.0615408 -0.76924 -11.6211 0.097637 0.995221 0.00110423 -2.97132 0.765496 -0.0758086 0.638959 -145.033
0.639537 -0.0601038 -0.766407 -12.2225 0.0963616 0.995344 0.00235237 -2.91634 0.762697 -0.0753567 0.642351 -146.032
0.643227 -0.0565082 -0.763587 -12.8238 0.0932644 0.995629 0.00488353 -2.76136 0.759974 -0.0743568 0.645686 -147.031
0.646954 -0.0518481 -0.760764 -13.4252 0.0897657 0.995927 0.00846174 -2.62639 0.757227 -0.0737649 0.648973 -148.029
0.65091 -0.0431261 -0.757929 -14.0249 0.0826987 0.996472 0.0143224 -2.29595 0.754637 -0.0720024 0.65218 -148.027
0.654657 -0.0372185 -0.755009 -14.826 0.0767676 0.996897 0.0174216 -1.81083 0.752018 -0.0693654 0.655483 -149.023
0.658331 -0.0316775 -0.752062 -15.3272 0.0715287 0.997226 0.0206099 -1.47593 0.749322 -0.0673622 0.658771 -150.021
0.661676 -0.0323098 -0.749093 -15.9285 0.0706451 0.997313 0.019385 -1.24096 0.746454 -0.0657463 0.662181 -151.019
0.664363 -0.0328044 -0.74669 -16.6302 0.0721562 0.997185 0.0203911 -1.5259 0.743919 -0.0674254 0.66486 -152.019
0.667404 -0.0382144 -0.743715 -17.3304 0.0767018 0.996899 0.0176078 -1.85539 0.740735 -0.0687958 0.668265 -152.02
0.670374 -0.0447817 -0.740671 -18.0319 0.0804705 0.996678 0.012573 -1.88034 0.737647 -0.0680307 0.671751 -153.019
0.672397 -0.0449063 -0.738827 -18.6328 0.0770853 0.996979 0.00955747 -1.18537 0.736166 -0.0633791 0.673827 -154.015
0.676946 -0.0486475 -0.734424 -19.3336 0.0746758 0.997204 0.00277766 -0.253329 0.732235 -0.056724 0.678686 -155.01
0.680389 -0.0477158 -0.731297 -20.1343 0.0691469 0.997606 -0.000758717 0.788684 0.729582 -0.0500507 0.682059 -156.004
0.685129 -0.046179 -0.726957 -21.0339 0.0654012 0.997858 -0.00174952 1.35043 0.72548 -0.0463452 0.686681 -156
0.689212 -0.0401833 -0.723445 -22.0354 0.0622513 0.998053 0.00386946 1.2517 0.72188 -0.0477023 0.690372 -156.999
0.694138 -0.029994 -0.719217 -22.9374 0.0593963 0.998111 0.0157002 0.482909 0.717388 -0.0536169 0.694608 -158.001
0.700131 -0.0244342 -0.713596 -24.1398 0.0611407 0.997795 0.0258217 -0.688664 0.711391 -0.0617084 0.700082 -159.005
0.705264 -0.021337 -0.708623 -25.2402 0.0613747 0.997632 0.0310446 -1.24786 0.706283 -0.0653862 0.704904 -159.006
0.711138 -0.0190326 -0.702795 -26.5411 0.0568804 0.997914 0.0305309 -0.602375 0.700748 -0.0616869 0.710737 -160.001
0.717537 -0.0150651 -0.696357 -27.9422 0.0517356 0.998157 0.0317149 -0.00382105 0.694596 -0.0587831 0.716994 -160.996
0.722081 -0.00984722 -0.691739 -29.1436 0.0481737 0.998187 0.0360771 0.0525934 0.690129 -0.0593742 0.721246 -161.994
0.726483 -0.00776219 -0.687141 -30.0442 0.0503651 0.997848 0.0419767 -0.840741 0.685337 -0.0651032 0.72531 -161.997
0.730787 -0.00847462 -0.682553 -30.9459 0.0516188 0.997746 0.0428784 -1.10554 0.680652 -0.0665676 0.729577 -162.997
0.733901 -0.00591109 -0.679231 -31.7471 0.0486561 0.997851 0.0438884 -0.800422 0.677512 -0.0652585 0.732611 -163.994
0.737009 -0.00275072 -0.675877 -32.4479 0.0429286 0.998163 0.042749 0.0956193 0.674518 -0.0605209 0.735773 -164.989
0.738354 0.00107417 -0.674413 -32.649 0.0385919 0.998293 0.0438408 0.551301 0.673309 -0.0583969 0.737052 -165.987
0.738922 0.00568623 -0.673766 -32.8486 0.0331858 0.998444 0.0448213 1.19944 0.672973 -0.055479 0.737584 -165.984
0.738923 0.0058852 -0.673764 -32.9499 0.0322661 0.998506 0.0441083 1.39105 0.673017 -0.0543324 0.737629 -166.983
0.738897 0.00435802 -0.673805 -32.8512 0.0326387 0.998574 0.0422502 1.55052 0.673028 -0.0532106 0.737701 -167.982
0.738864 0.00235339 -0.67385 -32.7529 0.0352184 0.998492 0.0421035 1.19999 0.672933 -0.0548407 0.737667 -168.984
0.737047 -0.00118517 -0.675841 -32.3546 0.0389045 0.998415 0.040677 0.830441 0.674721 -0.0562741 0.735924 -169.986
0.734458 -0.003944 -0.678642 -31.8564 0.0423959 0.998297 0.0400812 0.377422 0.677328 -0.0582096 0.733375 -170.989
0.732585 -0.00835015 -0.680625 -31.4579 0.0450541 0.998327 0.0362458 0.427671 0.679183 -0.0572181 0.731735 -171.989
0.731251 -0.0107007 -0.682025 -30.8593 0.0467453 0.998312 0.034456 0.383775 0.680505 -0.0570774 0.730517 -172.99
0.728187 -0.0115956 -0.68528 -30.3605 0.0457956 0.998446 0.0317683 0.793347 0.683846 -0.0545161 0.727587 -173.989
0.72512 -0.0121309 -0.688516 -29.6631 0.0444622 0.998583 0.029232 1.27251 0.687186 -0.0518096 0.724632 -175.988
0.722668 -0.00819615 -0.691146 -28.8642 0.0405101 0.998713 0.0305142 1.70647 0.690007 -0.0500501 0.72207 -176.987
0.720849 -0.00838073 -0.693042 -28.2663 0.0443991 0.998431 0.0341068 0.759579 0.691669 -0.0553563 0.72009 -177.993
0.717546 -0.0140412 -0.696369 -27.4691 0.0546086 0.997853 0.0361491 -0.935445 0.694367 -0.0639664 0.716773 -179.001
0.713003 -0.0167408 -0.700961 -26.4715 0.0613886 0.997366 0.0386234 -2.24162 0.698468 -0.0705696 0.712153 -180.009
0.709848 -0.0179547 -0.704126 -25.5724 0.0593663 0.997643 0.0344096 -1.46774 0.701849 -0.066227 0.709241 -181.007
0.705283 -0.0217306 -0.708593 -24.5731 0.0584034 0.997913 0.0275273 -0.563941 0.706516 -0.0607988 0.70508 -182.004
0.702057 -0.0240668 -0.711714 -23.674 0.0570977 0.998113 0.0225714 0.221935 0.709828 -0.0564836 0.702107 -183.002
0.698914 -0.0230905 -0.714833 -22.8754 0.0561537 0.998165 0.0226605 0.354892 0.712998 -0.0559782 0.698928 -184.002
0.695773 -0.0215921 -0.717938 -21.9768 0.0549976 0.998215 0.0232781 0.451775 0.716154 -0.0556811 0.695718 -185.003
0.692676 -0.0178439 -0.721028 -21.0785 0.0542547 0.998151 0.0274192 0.104664 0.719205 -0.0581118 0.692363 -186.006
0.688204 -0.014832 -0.725366 -20.1802 0.0541887 0.998049 0.0310047 -0.304447 0.723491 -0.0606442 0.687665 -187.009
0.685023 -0.0123696 -0.728417 -19.1821 0.0551089 0.997871 0.0348807 -0.910629 0.726434 -0.0640363 0.684246 -188.013
0.680411 -0.0126521 -0.732722 -18.0835 0.0550583 0.997908 0.0338964 -0.786891 0.73076 -0.0634059 0.679684 -189.014
0.677056 -0.014756 -0.735784 -17.085 0.0569054 0.997855 0.0323515 -0.883078 0.733729 -0.0637738 0.676443 -190.016
0.67243 -0.0140901 -0.740026 -15.7865 0.0566968 0.997862 0.0325187 -0.849486 0.737986 -0.0638237 0.671791 -191.018
0.665727 -0.015693 -0.74603 -14.3881 0.0585824 0.997792 0.0312877 -1.02596 0.743892 -0.0645333 0.665177 -192.021
0.660165 -0.0206982 -0.750836 -12.6904 0.0665828 0.997298 0.0310499 -2.19265 0.748164 -0.0704908 0.659759 -193.029
0.65322 -0.0242911 -0.756779 -11.1926 0.0729613 0.996853 0.0309801 -3.20919 0.753645 -0.0754524 0.652937 -194.036
0.647081 -0.0233181 -0.762064 -9.59442 0.0747291 0.996659 0.0329574 -3.74581 0.75875 -0.0782745 0.646662 -195.04
0.640254 -0.0245268 -0.767772 -7.80469 0.0696963 0.997223 0.0262639 -2.12259 0.764995 -0.0703264 0.640185 -196.036
0.633183 -0.0308526 -0.773387 -5.99466 0.0660508 0.997714 0.0142751 -0.109391 0.771178 -0.0601215 0.633774 -197.029
0.626364 -0.0294788 -0.778973 -4.21523 0.0607161 0.998094 0.0110501 1.10684 0.777163 -0.0542176 0.62696 -198.026
0.619206 -0.0339247 -0.784496 -2.52632 0.0618047 0.998072 0.0056221 1.60014 0.782793 -0.0519667 0.620109 -199.026
0.610781 -0.032107 -0.791148 -0.429123 0.0629366 0.997985 0.00808716 1.13016 0.789294 -0.0547316 0.611571 -200.032
0.603858 -0.026672 -0.796645 1.34981 0.0631249 0.997901 0.0144387 0.304411 0.794588 -0.0590071 0.604275 -201.038
0.596627 -0.0257429 -0.802106 3.19664 0.0720178 0.99717 0.0215653 -2.02337 0.799281 -0.0706324 0.596792 -202.051
0.589566 -0.0219019 -0.807423 5.04613 0.0727543 0.997009 0.0260794 -2.71471 0.804437 -0.074119 0.589396 -202.057
0.582459 -0.0192624 -0.812632 6.87519 0.0687571 0.997304 0.0256423 -2.02151 0.809947 -0.0708098 0.582213 -203.056
0.575361 -0.0150559 -0.817761 8.82436 0.0631617 0.997663 0.0260713 -1.1584 0.815457 -0.0666515 0.574968 -204.055
0.568066 -0.014037 -0.822864 10.593 0.0621952 0.997727 0.0259167 -1.00515 0.82063 -0.0659005 0.567648 -205.057
0.562097 -0.0152028 -0.826932 12.2915 0.0637159 0.997656 0.0249686 -1.10185 0.824613 -0.0667234 0.561748 -206.06
0.554849 -0.0104976 -0.831885 13.79 0.0615028 0.997702 0.028431 -1.1884 0.829675 -0.0669382 0.554219 -207.063
0.551317 -0.00499996 -0.834281 15.0891 0.0552861 0.998003 0.0305535 -0.404818 0.832462 -0.0629688 0.550493 -208.061
0.545321 -0.00476636 -0.838214 16.3895 0.0529429 0.998183 0.0287673 0.200229 0.836554 -0.0600649 0.544583 -208.06
0.54152 -0.00650242 -0.840663 17.3885 0.0518199 0.998327 0.0256583 0.794034 0.839089 -0.0574576 0.540951 -209.059
0.536268 -0.00657075 -0.844022 18.5867 0.0540472 0.998185 0.0265692 0.286706 0.842315 -0.0598653 0.53565 -210.063
0.533994 -0.00562694 -0.84547 19.4847 0.0567113 0.997964 0.0291767 -0.464402 0.843584 -0.0635278 0.533226 -211.068
