1 0 0 0 0 1 0 0 0 0 1 0
0.999997 -0.00215669 0.00071816 0.00346367 0.00215732 0.999997 -0.000877397 0.00703066 -0.000716259 0.00087895 0.999999 0.954984
0.999994 -0.00319697 0.00109324 -0.00475179 0.00319359 0.99999 0.00307045 0.010496 -0.00110306 -0.00306693 0.999995 1.92497
0.999984 -0.00563435 0.000504788 -0.00293107 0.00562933 0.99994 0.00944554 0.00857565 -0.000557996 -0.00944254 0.999955 2.84499
0.999956 -0.00931 -0.0010656 -0.00148493 0.00931992 0.999909 0.00972125 0.0145248 0.000975009 -0.00973075 0.999952 3.78497
0.999926 -0.0119928 -0.00181934 -0.00450594 0.0120047 0.999906 0.00669707 0.0227352 0.00173885 -0.00671842 0.999976 4.71494
0.999918 -0.0125198 -0.00277622 -0.00884515 0.0125277 0.999918 0.00281467 0.0346692 0.00274074 -0.00284922 0.999992 5.63489
0.999922 -0.0120801 -0.00309469 -0.020512 0.0120889 0.999923 0.00282891 0.0293882 0.00306027 -0.00286612 0.999991 6.55491
0.999919 -0.0119356 -0.00441098 -0.0284308 0.0119565 0.999917 0.00475468 0.0329643 0.00435387 -0.00480703 0.999979 7.46489
0.999922 -0.0116079 -0.00450688 -0.0482132 0.0116408 0.999905 0.00734051 0.0446434 0.00442125 -0.00739241 0.999963 8.41482
0.999918 -0.0117213 -0.00519746 -0.0581473 0.0117678 0.99989 0.00901595 0.0495035 0.0050912 -0.00907638 0.999946 9.3348
0.999897 -0.012977 -0.00610389 -0.057655 0.013035 0.999869 0.00954732 0.0578302 0.00597921 -0.00962589 0.999936 10.2348
0.999887 -0.0132336 -0.00714572 -0.0651606 0.0133027 0.999864 0.00971937 0.0632112 0.00701611 -0.00981334 0.999927 11.1347
0.999879 -0.0136389 -0.00753639 -0.0791679 0.0137012 0.999872 0.00827548 0.0709875 0.00742254 -0.00837774 0.999937 12.0347
0.999865 -0.0137875 -0.00898062 -0.0923768 0.0138424 0.999886 0.00607058 0.0809643 0.00889589 -0.00619408 0.999941 12.9346
0.999821 -0.0156941 -0.0106105 -0.102585 0.0157444 0.999865 0.00467601 0.0900434 0.0105357 -0.00484224 0.999933 13.8346
0.999814 -0.0148788 -0.0122647 -0.119035 0.0149283 0.999881 0.00395082 0.095572 0.0122044 -0.00413316 0.999917 14.8346
0.999812 -0.013684 -0.0137004 -0.136193 0.0137308 0.9999 0.00333091 0.096492 0.0136535 -0.0035184 0.999901 15.6345
0.999794 -0.0132015 -0.0153831 -0.154495 0.0132602 0.999905 0.00371802 0.0964652 0.0153326 -0.00392125 0.999875 16.5345
0.999773 -0.0130976 -0.0167862 -0.174802 0.0131695 0.999905 0.0041829 0.103537 0.0167298 -0.00440303 0.99985 17.4345
0.999753 -0.0127619 -0.0182166 -0.196104 0.0128691 0.999901 0.00577547 0.104908 0.0181411 -0.00600849 0.999817 18.3344
0.999729 -0.0124116 -0.0197217 -0.217408 0.0125447 0.999899 0.0066382 0.107179 0.0196373 -0.00688379 0.999783 19.2344
0.999698 -0.0129707 -0.0208615 -0.240712 0.0131103 0.999892 0.00656513 0.110949 0.0207741 -0.00683667 0.999761 20.1344
0.999665 -0.0125004 -0.0226539 -0.255879 0.01263 0.999905 0.00558785 0.12507 0.0225819 -0.00587209 0.999728 20.9343
0.999649 -0.0127023 -0.0232524 -0.292186 0.0128308 0.999903 0.00538366 0.13173 0.0231818 -0.00568012 0.999715 21.8342
0.99963 -0.0126521 -0.0240676 -0.312488 0.0128409 0.999888 0.00770598 0.132802 0.0239674 -0.00801217 0.999681 22.7342
0.999604 -0.0138747 -0.0244897 -0.338649 0.014135 0.999845 0.0104881 0.138015 0.0243404 -0.0108301 0.999645 23.5342
0.999562 -0.0143355 -0.0258983 -0.35596 0.0146381 0.999826 0.0115314 0.150489 0.0257285 -0.0119054 0.999598 24.4341
0.999561 -0.0136892 -0.0262881 -0.385121 0.0139682 0.999848 0.0104568 0.155801 0.026141 -0.0108194 0.9996 25.234
0.999568 -0.0114413 -0.0270667 -0.415281 0.0116645 0.999899 0.00810069 0.160811 0.0269713 -0.0084129 0.999601 26.034
0.999559 -0.0108682 -0.0276543 -0.443445 0.0110434 0.99992 0.00619324 0.169723 0.0275848 -0.00649588 0.999598 26.8339
0.999534 -0.0099351 -0.0288501 -0.464608 0.0101029 0.999933 0.00567509 0.17854 0.0287917 -0.00596391 0.999568 27.6338
0.999498 -0.0100551 -0.030049 -0.495761 0.010228 0.999932 0.0056048 0.17335 0.0299906 -0.00590933 0.999533 28.4338
0.999427 -0.0096496 -0.0324421 -0.521777 0.00980532 0.999941 0.00464426 0.17761 0.0323954 -0.00495969 0.999463 29.1338
0.999386 -0.00980829 -0.0336414 -0.557936 0.00997151 0.999939 0.00468725 0.180116 0.0335934 -0.00501984 0.999423 29.9337
0.999319 -0.0102583 -0.0354485 -0.592092 0.0104864 0.999925 0.0062548 0.179124 0.0353817 -0.00662228 0.999352 30.7337
0.999238 -0.0102991 -0.0376566 -0.620112 0.0106118 0.999911 0.00811409 0.190082 0.0375697 -0.00850753 0.999258 31.4336
0.999164 -0.00906204 -0.0398599 -0.644273 0.00945671 0.999908 0.00972372 0.194297 0.0397681 -0.0100925 0.999158 32.2335
0.999083 -0.00805408 -0.042055 -0.675287 0.00847468 0.999916 0.00983247 0.197353 0.0419723 -0.0101799 0.999067 32.9335
0.99904 -0.00563328 -0.0434437 -0.717304 0.00602529 0.999942 0.00889758 0.2029 0.0433911 -0.0091508 0.999016 33.6334
0.998934 -0.00334789 -0.0460333 -0.745323 0.00372552 0.99996 0.00812015 0.212558 0.0460043 -0.008283 0.998907 34.3333
0.99889 -0.00276157 -0.0470325 -0.784341 0.00319534 0.999953 0.00914997 0.219909 0.047005 -0.0092901 0.998851 35.0333
0.998844 -0.00171484 -0.0480312 -0.828354 0.00226825 0.999932 0.0114695 0.220755 0.0480082 -0.0115652 0.99878 35.7332
0.998845 0.00154166 -0.0480197 -0.868372 -0.000975808 0.99993 0.011805 0.229604 0.0480345 -0.0117446 0.998777 36.4331
0.998903 0.00438821 -0.0466166 -0.906251 -0.00396848 0.999951 0.00909266 0.244101 0.0466542 -0.00889769 0.998872 37.033
0.998966 0.00639876 -0.0450223 -0.942265 -0.00611935 0.999961 0.00634105 0.246454 0.0450611 -0.00605898 0.998966 37.7329
0.999026 0.00654649 -0.0436308 -0.957142 -0.0063749 0.999971 0.00407071 0.259867 0.0436562 -0.00378861 0.999039 38.3329
0.999155 0.00743006 -0.0404315 -0.990153 -0.00722749 0.999961 0.00515427 0.258222 0.0404682 -0.0048577 0.999169 39.0328
0.999232 0.0122713 -0.03722 -1.02403 -0.0120008 0.9999 0.00748117 0.265721 0.0373081 -0.00702875 0.999279 39.6328
0.999312 0.0165637 -0.03319 -1.05204 -0.0162091 0.999809 0.0109251 0.269979 0.0333646 -0.0103796 0.999389 40.3327
0.999353 0.0215894 -0.0287625 -1.08291 -0.0212423 0.999698 0.0123194 0.270581 0.0290198 -0.0117004 0.99951 40.9327
0.999415 0.0249713 -0.0233498 -1.10364 -0.0246842 0.999617 0.0125015 0.279437 0.023653 -0.0119178 0.999649 41.4326
0.999432 0.0287666 -0.0175698 -1.12451 -0.0285151 0.99949 0.0144029 0.288046 0.0179752 -0.0138937 0.999742 42.0325
0.999369 0.0337434 -0.0111199 -1.12538 -0.0335634 0.999309 0.0159974 0.284569 0.011652 -0.0156141 0.99981 42.6326
0.999294 0.0373029 -0.00444362 -1.1261 -0.0372284 0.999182 0.0157932 0.286839 0.0050291 -0.0156166 0.999865 43.1326
0.99916 0.0408564 0.00309655 -1.13683 -0.0409004 0.999038 0.0158071 0.290402 -0.00244775 -0.0159205 0.99987 43.6325
0.998944 0.0448107 0.0101113 -1.12756 -0.044964 0.998869 0.0154827 0.294779 -0.00940608 -0.015921 0.999829 44.1325
0.998664 0.0485833 0.0176159 -1.11829 -0.0488047 0.998732 0.0123603 0.305455 -0.0169931 -0.0132035 0.999768 44.6325
0.99836 0.0511721 0.025671 -1.10886 -0.0514305 0.998631 0.00951101 0.304678 -0.0251492 -0.0108157 0.999625 45.0325
0.998096 0.0517937 0.0334988 -1.09945 -0.0521347 0.998596 0.00938569 0.307401 -0.0329656 -0.0111142 0.999395 45.4325
0.997867 0.0505385 0.041324 -1.07002 -0.0510147 0.998642 0.0105494 0.308339 -0.0407348 -0.012635 0.99909 45.8326
0.997382 0.0526707 0.0495463 -1.05461 -0.0532941 0.998514 0.0113449 0.313766 -0.0488751 -0.0139557 0.998707 46.2326
0.9967 0.0557901 0.0589565 -1.04918 -0.0565768 0.998329 0.011758 0.309586 -0.058202 -0.0150548 0.998191 46.6326
0.995943 0.060139 0.0669353 -1.01263 -0.0610113 0.998076 0.0110619 0.321975 -0.0661413 -0.0151008 0.997696 46.9326
0.995067 0.0638494 0.0759239 -0.99006 -0.0648767 0.997831 0.0111398 0.322353 -0.075048 -0.0160106 0.997051 47.2326
0.994352 0.0631392 0.0853096 -0.963491 -0.0643859 0.997854 0.0119393 0.318735 -0.0843727 -0.0173646 0.996283 47.5327
0.993472 0.0618013 0.0958873 -0.924927 -0.0630469 0.99796 0.0100128 0.322125 -0.0950729 -0.0159928 0.995342 47.8327
0.992386 0.0601366 0.107485 -0.888213 -0.0610997 0.998115 0.00568703 0.31746 -0.106941 -0.012211 0.99419 48.0328
0.99079 0.0610825 0.12085 -0.843651 -0.0617089 0.998093 0.00144422 0.322454 -0.120531 -0.00888843 0.99267 48.3329
0.988684 0.0629681 0.136157 -0.807082 -0.0634751 0.997983 -0.00061908 0.319143 -0.135921 -0.00803052 0.990687 48.6329
0.986214 0.0648179 0.152249 -0.759518 -0.0652572 0.997866 -0.00211497 0.321339 -0.152061 -0.00784956 0.98834 48.933
0.983434 0.0651931 0.169139 -0.702807 -0.0655725 0.997842 -0.00334717 0.320588 -0.168992 -0.00779912 0.985587 49.1331
0.980196 0.0642619 0.187313 -0.648243 -0.0645138 0.997905 -0.00475739 0.32419 -0.187226 -0.00742111 0.982289 49.4332
0.976226 0.0635896 0.207219 -0.57953 -0.0639567 0.99794 -0.00493402 0.320048 -0.207106 -0.0084363 0.978282 49.6333
0.971861 0.0636015 0.226808 -0.505963 -0.0638811 0.997939 -0.00611483 0.319163 -0.226729 -0.00854594 0.97392 49.9334
0.966487 0.0656965 0.248168 -0.427252 -0.065628 0.997807 -0.00855801 0.318128 -0.248186 -0.00801556 0.968679 50.1335
0.960618 0.0670153 0.269672 -0.345538 -0.0666569 0.997721 -0.0104971 0.313595 -0.269761 -0.00789177 0.962895 50.3336
0.953076 0.0685565 0.294867 -0.253967 -0.0681517 0.997607 -0.0116621 0.307024 -0.294961 -0.00898079 0.955467 50.6338
0.944803 0.0709682 0.319861 -0.153148 -0.0706833 0.99742 -0.0125158 0.295005 -0.319924 -0.0107839 0.947382 50.834
0.935079 0.0732016 0.346797 -0.0474761 -0.073024 0.997237 -0.0135991 0.287244 -0.346834 -0.0126082 0.937842 51.1342
0.924105 0.0738322 0.374938 0.073039 -0.0735638 0.997177 -0.0150507 0.281039 -0.374991 -0.0136734 0.926928 51.3344
0.911369 0.0720586 0.405233 0.214756 -0.0711927 0.997314 -0.01723 0.27205 -0.405386 -0.0131467 0.914051 51.5347
0.8962 0.069254 0.438213 0.366324 -0.0672264 0.997534 -0.0201613 0.268722 -0.438528 -0.0113909 0.898645 51.8349
0.879271 0.0688108 0.471326 0.521039 -0.0649791 0.997588 -0.0244217 0.262442 -0.47187 -0.00915302 0.881621 52.0352
0.859983 0.0706362 0.50541 0.691755 -0.0645592 0.997476 -0.0295565 0.255173 -0.506222 -0.00721081 0.862373 52.2354
0.838029 0.0724543 0.540793 0.869473 -0.0640721 0.997354 -0.0343353 0.24528 -0.54185 -0.00587573 0.840455 52.4357
0.813418 0.0751561 0.576804 1.06004 -0.065144 0.99715 -0.0380591 0.23771 -0.57802 -0.00661729 0.815996 52.7361
0.785589 0.0792744 0.61365 1.27976 -0.0684014 0.996807 -0.0412056 0.225277 -0.614957 -0.00960382 0.788503 52.9364
0.755593 0.0838588 0.649651 1.49948 -0.0725108 0.996384 -0.0442805 0.214944 -0.651015 -0.0136486 0.758942 53.1368
0.722477 0.0845787 0.686202 1.75906 -0.0720139 0.996297 -0.046979 0.197294 -0.687635 -0.0154749 0.725892 53.4373
0.685941 0.082047 0.723017 2.04879 -0.0683291 0.996495 -0.0482557 0.175612 -0.724442 -0.0163024 0.689143 53.6378
0.646841 0.0806296 0.75835 2.34851 -0.0657066 0.99659 -0.0499148 0.156337 -0.759789 -0.0175417 0.649933 53.8383
0.603757 0.0799686 0.793147 2.67824 -0.0635882 0.996616 -0.0520788 0.135884 -0.794628 -0.0189919 0.606799 54.0389
0.55806 0.0803083 0.825905 3.03781 -0.0607123 0.99659 -0.0558821 0.120507 -0.827576 -0.0189571 0.561033 54.3395
0.509821 0.0787872 0.856665 3.40769 -0.0574983 0.996691 -0.0574468 0.0932285 -0.858357 -0.0199692 0.512664 54.4401
0.461385 0.0769511 0.883857 3.81741 -0.0556171 0.996781 -0.0577497 0.0744331 -0.885455 -0.0225127 0.46418 54.6408
0.413049 0.0747847 0.907633 4.25713 -0.0550585 0.99685 -0.0570795 0.0556595 -0.909043 -0.0263962 0.415866 54.8415
0.362342 0.0744719 0.929065 4.70701 -0.0581356 0.996668 -0.0572175 0.0344391 -0.93023 -0.0332794 0.365464 54.9423
0.313822 0.0752984 0.946491 5.17673 -0.0564144 0.996568 -0.0605773 0.0146872 -0.947804 -0.0343853 0.316993 55.1431
0.266467 0.0719302 0.961156 5.6566 -0.0448337 0.997057 -0.0621874 -0.0115114 -0.962801 -0.0265214 0.268908 55.2439
0.221246 0.0661612 0.972971 6.17662 -0.0317077 0.997657 -0.0606297 -0.038135 -0.974702 -0.0174366 0.222825 55.2448
0.179892 0.0650988 0.98153 6.6965 -0.0229885 0.997814 -0.0619655 -0.0703046 -0.983418 -0.0114168 0.180995 55.3457
0.139274 0.0664402 0.988022 7.24637 -0.0195867 0.997736 -0.0643324 -0.0944526 -0.99006 -0.0103922 0.14026 55.4466
0.107228 0.0669343 0.991979 7.7864 -0.0111304 0.997749 -0.0661206 -0.132062 -0.994172 -0.00395117 0.107731 55.4475
0.079188 0.0656532 0.994695 8.34642 -0.00409303 0.997842 -0.0655351 -0.167656 -0.996851 0.00111828 0.0792858 55.4485
0.0540102 0.0638902 0.996494 8.91645 0.00270819 0.997938 -0.0641296 -0.204244 -0.998537 0.00616234 0.0537258 55.4495
0.0343817 0.0630784 0.997416 9.50646 0.00787337 0.997958 -0.0633841 -0.226817 -0.999378 0.0100323 0.0338149 55.4504
0.0175204 0.0650143 0.99773 10.1265 0.0110766 0.99781 -0.065214 -0.252368 -0.999785 0.0121941 0.0167619 55.4515
0.00478636 0.0646525 0.997896 10.7265 0.0113357 0.99784 -0.0647032 -0.288933 -0.999924 0.0116216 0.00404314 55.4525
-0.00649318 0.0653075 0.997844 11.3265 0.0122647 0.997795 -0.0652245 -0.324499 -0.999904 0.0118147 -0.00727984 55.4535
-0.0162189 0.0684253 0.997524 11.9266 0.0170032 0.99753 -0.0681493 -0.359065 -0.999724 0.0158558 -0.0173423 55.4546
-0.0217109 0.0704933 0.997276 12.5267 0.0211725 0.99732 -0.0700355 -0.393084 -0.99954 0.0195943 -0.0231452 55.3556
-0.027383 0.0697092 0.997191 13.2268 0.0210735 0.997384 -0.069144 -0.431578 -0.999403 0.019121 -0.0287803 55.3568
-0.0303214 0.0668895 0.9973 13.8268 0.0188656 0.997619 -0.0663373 -0.465143 -0.999362 0.0168032 -0.0315111 55.3578
-0.0332836 0.0598387 0.997653 14.5268 0.0171423 0.998093 -0.0592932 -0.503637 -0.999299 0.0151285 -0.0342459 55.359
-0.0333061 0.0544975 0.997958 15.2268 0.0184641 0.998375 -0.0539041 -0.53613 -0.999275 0.0166311 -0.0342582 55.3601
-0.0346812 0.0514288 0.998074 15.927 0.0203792 0.998504 -0.0507428 -0.580077 -0.999191 0.0185801 -0.0356774 55.2613
-0.0345545 0.0538152 0.997953 16.627 0.0240221 0.998306 -0.0530025 -0.612571 -0.999114 0.0221414 -0.0357886 55.2625
-0.0330305 0.0616501 0.997551 17.327 0.0248021 0.997839 -0.0608466 -0.640064 -0.999147 0.0227316 -0.0344882 55.2636
-0.0328727 0.0697031 0.997026 18.0272 0.0259257 0.997289 -0.0688667 -0.676011 -0.999123 0.0235847 -0.0345907 55.1648
-0.0300224 0.0703756 0.997069 18.7272 0.0262643 0.997229 -0.0695961 -0.710505 -0.999204 0.0240979 -0.0317876 55.166
-0.027262 0.0659676 0.997449 19.4273 0.026248 0.997523 -0.0652551 -0.752998 -0.999284 0.0244021 -0.028926 55.1672
-0.0245554 0.0594324 0.99793 20.2273 0.0255106 0.997944 -0.0588055 -0.792419 -0.999373 0.0240138 -0.0260211 55.1685
-0.0218018 0.0575431 0.998105 20.9273 0.0238536 0.998088 -0.0570211 -0.841912 -0.999478 0.0225652 -0.0231327 55.1698
-0.018672 0.0626321 0.997862 21.7275 0.0311856 0.997587 -0.0620313 -0.891787 -0.999339 0.0299607 -0.0205801 55.0712
-0.0156762 0.0682524 0.997545 22.4275 0.0331081 0.997156 -0.0677055 -0.93128 -0.999329 0.0319654 -0.0178914 55.0724
-0.0130499 0.0691555 0.997521 23.1276 0.0266632 0.997275 -0.0687896 -0.970773 -0.999559 0.0256994 -0.0148582 55.0736
-0.0104163 0.0652893 0.997812 23.9276 0.0224486 0.99763 -0.0650431 -1.02019 -0.999694 0.021722 -0.0118572 55.0749
-0.00467358 0.0615529 0.998093 24.6276 0.0267796 0.997754 -0.0614066 -1.06969 -0.99963 0.0264415 -0.00631144 55.0762
-0.00168922 0.0627211 0.99803 25.4277 0.0311321 0.997551 -0.0626383 -1.11911 -0.999514 0.0309649 -0.00363772 55.0776
0.00119855 0.067242 0.997736 26.1277 0.0304208 0.997272 -0.0672473 -1.1586 -0.999537 0.0304326 -0.00085028 55.0788
0.00533595 0.0679787 0.997673 26.9277 0.0268645 0.997317 -0.0680981 -1.19802 -0.999625 0.0271653 0.00349542 55.0801
0.0095684 0.0675371 0.997671 27.6278 0.0266039 0.997346 -0.0677703 -1.24752 -0.9996 0.0271904 0.00774626 55.0813
0.0124617 0.0645036 0.99784 28.4278 0.030059 0.997442 -0.0648533 -1.29694 -0.99947 0.0308023 0.0104909 55.0827
0.0154439 0.0649195 0.997771 29.1277 0.0345411 0.99726 -0.0654209 -1.34598 -0.999284 0.0354745 0.0131592 55.184
0.018369 0.0656386 0.997674 29.9277 0.0370264 0.997114 -0.0662835 -1.3954 -0.999145 0.0381579 0.0158857 55.1853
0.021222 0.0655814 0.997622 30.6278 0.0377662 0.997082 -0.0663493 -1.44489 -0.999061 0.0390845 0.0186833 55.1866
0.0268971 0.0639633 0.99759 31.3278 0.03935 0.99711 -0.0649934 -1.48438 -0.998863 0.0410033 0.0243024 55.1878
0.0297714 0.063287 0.997551 32.1278 0.0412576 0.997065 -0.0644875 -1.5338 -0.998705 0.0430765 0.0270729 55.1892
0.0325611 0.0632527 0.997466 32.8279 0.0400229 0.997113 -0.0645368 -1.5833 -0.998668 0.0420229 0.0299355 55.1904
0.0353279 0.0653192 0.997239 33.6277 0.0366903 0.997104 -0.0666101 -1.62226 -0.998702 0.0389422 0.032829 55.2917
0.0382213 0.0654397 0.997124 34.4278 0.0386248 0.997011 -0.0669129 -1.66168 -0.998523 0.0410713 0.0355794 55.2931
0.0409815 0.0654169 0.997016 35.1278 0.036554 0.997088 -0.0669241 -1.70118 -0.998491 0.0391875 0.038471 55.2943
0.0437548 0.0657467 0.996877 35.9277 0.034687 0.997131 -0.0672859 -1.76014 -0.99844 0.0375227 0.0413486 55.3957
0.0464812 0.0655018 0.996769 36.7277 0.0317459 0.997247 -0.0670135 -1.80957 -0.998415 0.0347582 0.0442738 55.3971
0.0493002 0.0674465 0.996504 37.4276 0.0304732 0.997151 -0.0689979 -1.84861 -0.998319 0.0337683 0.0471045 55.4983
0.0521432 0.0710839 0.996107 38.2276 0.029151 0.99693 -0.0726686 -1.90803 -0.998214 0.0328267 0.049911 55.4997
0.0564533 0.073587 0.99569 39.0277 0.0289476 0.99674 -0.0753059 -1.95745 -0.997986 0.0330741 0.0541391 55.5011
0.059082 0.0749782 0.995433 39.8276 0.0230128 0.996808 -0.0764477 -2.01641 -0.997988 0.0274244 0.057168 55.6025
0.060298 0.0748896 0.995367 40.5275 0.0188516 0.996918 -0.0761483 -2.06545 -0.998002 0.0233559 0.0587004 55.7038
0.0646915 0.0749097 0.99509 41.3275 0.0219495 0.99683 -0.0764677 -2.11487 -0.997664 0.0267885 0.0628422 55.7051
0.0675269 0.0771251 0.994732 42.1274 0.0214832 0.996664 -0.0787333 -2.15384 -0.997486 0.0266866 0.0656448 55.8065
0.0729969 0.0777633 0.994296 42.9274 0.016722 0.99672 -0.0791805 -2.22326 -0.997192 0.0224066 0.0714571 55.808
0.0757534 0.0757944 0.994242 43.6273 0.0155552 0.996896 -0.0771819 -2.2823 -0.997005 0.0213124 0.0743392 55.9092
0.0785565 0.0754836 0.994048 44.4272 0.0151751 0.996923 -0.0769012 -2.35127 -0.996794 0.0211259 0.0771693 56.0107
0.0855766 0.0790735 0.993189 45.2271 0.0120818 0.99669 -0.0803932 -2.40023 -0.996258 0.0188793 0.0843379 56.1121
0.0911835 0.0875178 0.991981 46.0272 0.00977754 0.996004 -0.0887715 -2.45965 -0.995786 0.0177936 0.0899634 56.1135
0.0996105 0.0922111 0.990745 46.8271 0.00860103 0.995579 -0.0935259 -2.52862 -0.994989 0.0178376 0.098377 56.215
0.106512 0.0952206 0.989742 47.627 0.0038946 0.995356 -0.0961799 -2.59759 -0.994304 0.014099 0.105647 56.3165
0.113287 0.0938622 0.989119 48.5269 0.000251379 0.995525 -0.0944989 -2.65648 -0.993562 0.0109541 0.112756 56.418
0.120383 0.0924323 0.988415 49.3268 0.000286672 0.995653 -0.0931441 -2.72545 -0.992727 0.0114963 0.119833 56.5195
0.128761 0.0888581 0.987687 50.1265 -0.000301111 0.995981 -0.089565 -2.79396 -0.991676 0.011235 0.12827 56.721
0.134267 0.083466 0.987424 50.9264 -0.00229818 0.99647 -0.0839182 -2.86293 -0.990942 0.0089982 0.133985 56.8225
0.142533 0.0758951 0.986876 51.7263 -0.00533946 0.9971 -0.0759102 -2.9219 -0.989776 0.00555035 0.142525 56.9239
0.149632 0.0726279 0.986071 52.5262 -0.00494241 0.997341 -0.0727081 -3.00086 -0.988729 0.0060059 0.149593 57.0254
0.155177 0.0745938 0.985067 53.3262 -0.00585962 0.997197 -0.0745893 -3.05983 -0.987869 0.00580239 0.155179 57.1268
0.162273 0.0809325 0.983421 54.1259 -0.0052379 0.996687 -0.08116 -3.11834 -0.986732 0.00801898 0.162159 57.3283
0.167771 0.0850306 0.982152 54.8258 -0.00679008 0.996349 -0.0850999 -3.16738 -0.985803 0.0076084 0.167736 57.4295
0.173292 0.0878037 0.980949 55.6257 -0.00755017 0.996107 -0.0878267 -3.22635 -0.984841 0.00781333 0.17328 57.5309
0.177461 0.0868025 0.980292 56.4255 -0.010302 0.996212 -0.0863472 -3.30486 -0.984074 0.00522429 0.177683 57.7325
0.183176 0.0837351 0.979508 57.2254 -0.00649602 0.996447 -0.0839684 -3.37383 -0.983059 0.00901807 0.183069 57.8339
0.188728 0.0776611 0.978954 57.9251 -0.00629711 0.996943 -0.0778742 -3.42241 -0.982009 0.00853246 0.18864 58.0352
0.191457 0.0716268 0.978884 58.725 -0.00749894 0.997411 -0.0715158 -3.48138 -0.981472 0.00635162 0.191499 58.1366
0.194094 0.0680914 0.978617 59.4248 -0.0114334 0.997677 -0.0671499 -3.53996 -0.980916 0.00184447 0.194421 58.3379
0.19679 0.0681157 0.978077 60.2245 -0.0133387 0.997677 -0.066797 -3.58848 -0.980355 9.87686e-05 0.197242 58.5393
0.199493 0.0698962 0.977403 60.9244 -0.0147221 0.997554 -0.0683324 -3.63752 -0.979789 -0.000757571 0.200034 58.6405
0.200838 0.0746446 0.976777 61.6243 -0.0187341 0.997203 -0.0723536 -3.68656 -0.979445 -0.00376774 0.201674 58.7417
0.203525 0.0786144 0.975908 62.324 -0.0197947 0.996898 -0.0761771 -3.74514 -0.97887 -0.00381388 0.204449 58.943
0.204997 0.0838044 0.975168 62.9238 -0.0199742 0.996478 -0.0814369 -3.7938 -0.978559 -0.0027839 0.205949 59.1441
0.206231 0.0856381 0.974749 63.6237 -0.0196534 0.996324 -0.0833756 -3.85284 -0.978306 -0.00196255 0.207156 59.2454
0.20763 0.0861127 0.97441 64.3234 -0.0224114 0.996275 -0.0832696 -3.90142 -0.977951 -0.00454862 0.208786 59.4466
0.20887 0.0831821 0.974399 65.0233 -0.0228426 0.996519 -0.0801739 -3.96046 -0.977677 -0.00551187 0.210044 59.5479
0.210445 0.0802496 0.974306 65.6232 -0.0221831 0.99676 -0.0773076 -4.00957 -0.977354 -0.0053441 0.211544 59.649
0.210486 0.0791938 0.974384 66.323 -0.0213768 0.996848 -0.0764018 -4.05816 -0.977363 -0.00474769 0.211516 59.8502
0.207755 0.0782095 0.975049 66.9228 -0.0210312 0.996925 -0.075483 -4.10727 -0.977955 -0.00482443 0.208761 59.9513
0.206144 0.0794864 0.975288 67.5227 -0.0230461 0.996813 -0.0763695 -4.16638 -0.97825 -0.00673344 0.207319 60.0525
0.203348 0.082045 0.975663 68.1225 -0.0234818 0.996605 -0.0789119 -4.21504 -0.978825 -0.00686375 0.204584 60.2536
0.200638 0.0853394 0.975941 68.7224 -0.0216197 0.996342 -0.0826786 -4.26415 -0.979427 -0.00451115 0.201749 60.3547
0.200728 0.0856698 0.975894 69.3223 -0.0194275 0.996321 -0.0834671 -4.31326 -0.979454 -0.00220501 0.201654 60.4558
0.197912 0.0854208 0.976491 69.922 -0.020819 0.996337 -0.0829374 -4.36192 -0.979999 -0.00391528 0.198965 60.6568
0.195157 0.0824346 0.977302 70.5219 -0.0212489 0.996583 -0.0798178 -4.41103 -0.980542 -0.00518955 0.196242 60.7579
0.192456 0.0780842 0.978194 71.1218 -0.0205812 0.996931 -0.0755306 -4.46014 -0.98109 -0.00559611 0.193472 60.859
0.191086 0.0772713 0.978527 71.7217 -0.0169579 0.997008 -0.0754191 -4.50925 -0.981427 -0.0021823 0.191824 60.9601
0.188467 0.0787168 0.97892 72.2216 -0.0129484 0.996895 -0.0776693 -4.54844 -0.981994 0.00196272 0.188901 61.061
0.185849 0.0807341 0.979256 72.8214 -0.00898407 0.996717 -0.0804686 -4.58755 -0.982537 0.00615734 0.185964 61.1621
0.185823 0.0823162 0.979129 73.3213 -0.0095499 0.996589 -0.0819716 -4.62673 -0.982537 0.0058816 0.185975 61.263
0.183013 0.0854781 0.979387 73.9212 -0.0102831 0.996325 -0.0850348 -4.66585 -0.983057 0.0054913 0.183219 61.364
0.183123 0.0837131 0.979519 74.4211 -0.00774952 0.99646 -0.0837121 -4.71503 -0.983059 0.00773885 0.183124 61.465
0.183416 0.0822144 0.979591 75.021 -0.000636455 0.996506 -0.0835149 -4.74414 -0.983035 0.0146945 0.182828 61.566
0.18638 0.0801663 0.979202 75.5209 0.0043157 0.996589 -0.0824112 -4.78333 -0.982468 0.0195857 0.185398 61.6669
0.186495 0.0794642 0.979237 76.1207 0.00730933 0.996584 -0.082264 -4.83244 -0.982429 0.0224994 0.185277 61.768
0.190645 0.0799012 0.978402 76.6206 0.00388914 0.996613 -0.0821462 -4.87162 -0.981651 0.0194659 0.189688 61.8689
0.196122 0.080765 0.977248 77.2204 0.00245166 0.996559 -0.082853 -4.91028 -0.980577 0.0186451 0.195249 62.0699
0.201689 0.0794112 0.976225 77.8203 0.00374055 0.996638 -0.0818445 -4.95939 -0.979442 0.0201587 0.200714 62.171
0.211414 0.0797038 0.974141 78.3201 0.0021869 0.996629 -0.0820183 -4.99857 -0.977394 0.0194702 0.210527 62.2719
0.218443 0.0777754 0.972746 78.92 0.00252248 0.996771 -0.0802627 -5.03769 -0.975847 0.0199865 0.217541 62.373
0.226532 0.0771855 0.970941 79.5198 -0.00108545 0.996875 -0.0789938 -5.08634 -0.974003 0.0168407 0.225908 62.5741
0.236212 0.0773463 0.968618 80.1195 -0.00247054 0.996872 -0.0789999 -5.125 -0.971698 0.0162678 0.235665 62.7751
0.24693 0.0804648 0.965687 80.7194 -0.00717858 0.996671 -0.0812109 -5.17411 -0.969007 0.0131212 0.246686 62.8762
0.256461 0.0829825 0.962986 81.3191 -0.010667 0.99649 -0.0830289 -5.21277 -0.966496 0.0110215 0.256446 63.0773
0.267469 0.085759 0.959743 81.9189 -0.0146844 0.996279 -0.0849313 -5.26143 -0.963455 0.00862329 0.267733 63.2784
0.277025 0.0874856 0.956872 82.5186 -0.0161748 0.99613 -0.0863921 -5.31009 -0.960727 0.00845548 0.277367 63.4795
0.286468 0.0885479 0.953989 83.1185 -0.0196344 0.996053 -0.0865563 -5.3592 -0.957889 0.00606454 0.287076 63.5805
0.298693 0.0885745 0.95023 83.7181 -0.0200531 0.996046 -0.0865418 -5.4074 -0.954138 0.00679437 0.299289 63.8816
0.308028 0.0895265 0.947156 84.4179 -0.0243067 0.995978 -0.0862364 -5.44599 -0.951067 0.00354094 0.308965 64.0828
0.317614 0.0850597 0.944397 85.0176 -0.0233292 0.996368 -0.0818946 -5.49464 -0.947933 0.00397883 0.318445 64.2839
0.328825 0.0776323 0.941195 85.7173 -0.0198442 0.996964 -0.0752993 -5.54323 -0.944182 0.00608303 0.329367 64.4852
0.340977 0.0728472 0.937245 86.3169 -0.0181352 0.997317 -0.0709186 -5.59143 -0.939897 0.00718453 0.341384 64.7862
0.35032 0.0705828 0.933967 87.0167 -0.0196942 0.997491 -0.0679964 -5.64002 -0.936423 0.00542677 0.350831 64.9875
0.35989 0.068102 0.930506 87.7163 -0.0135364 0.997609 -0.0677777 -5.67815 -0.932897 0.0117968 0.359951 65.2887
0.368383 0.0625765 0.927566 88.4159 -0.00676364 0.997886 -0.0646343 -5.71628 -0.929649 0.0175365 0.368028 65.5899
0.376391 0.052994 0.924944 89.1155 0.0030904 0.998285 -0.0584536 -5.75441 -0.926456 0.0248599 0.375582 65.8911
0.383175 0.0484574 0.922404 89.8152 0.0084279 0.998398 -0.0559507 -5.793 -0.923637 0.0292128 0.382153 66.0923
0.389861 0.0491024 0.919563 90.5147 0.00967262 0.998304 -0.0574078 -5.84068 -0.920823 0.0312757 0.388725 66.4935
0.398139 0.0551207 0.915668 91.2143 0.0122647 0.997784 -0.0653966 -5.87881 -0.917243 0.0372673 0.39658 66.7947
0.404899 0.0592017 0.912443 92.0138 0.0162917 0.997276 -0.0719354 -5.91687 -0.914216 0.0439918 0.402832 67.096
0.408922 0.0617804 0.910476 92.7134 0.0141203 0.997158 -0.0740041 -5.965 -0.91246 0.0431181 0.406887 67.3972
0.413761 0.0629489 0.908206 93.4131 0.00717633 0.99735 -0.072397 -6.02313 -0.910357 0.0364727 0.412213 67.6985
0.417599 0.0668567 0.906168 94.0125 0.000238474 0.997281 -0.0736889 -6.08088 -0.908631 0.0309885 0.416448 68.0997
0.42161 0.0699891 0.904072 94.7121 -0.000756618 0.997044 -0.0768337 -6.12901 -0.906777 0.0317098 0.420416 68.4009
0.425511 0.0747765 0.901858 95.4117 -0.004495 0.996743 -0.0805229 -6.18714 -0.904942 0.0302096 0.424461 68.7022
0.429427 0.0777966 0.899744 96.1113 -0.00732671 0.99655 -0.08267 -6.24527 -0.903072 0.0289086 0.428515 69.0035
0.433383 0.0765334 0.897954 96.7108 -0.00906041 0.996707 -0.0805774 -6.29302 -0.901164 0.026785 0.432649 69.4045
0.438417 0.0731233 0.895792 97.4104 -0.00747345 0.996947 -0.0777229 -6.35115 -0.89874 0.0273804 0.437625 69.7058
0.440872 0.0707385 0.894778 98.01 -0.00820914 0.997166 -0.0747882 -6.40936 -0.897532 0.0256267 0.440203 70.007
0.44482 0.0694293 0.892925 98.7096 -0.00963603 0.997304 -0.072745 -6.47749 -0.895568 0.0237542 0.44429 70.3083
0.448723 0.0714191 0.890812 99.3092 -0.011834 0.997189 -0.0739865 -6.52569 -0.893592 0.0226576 0.448307 70.6094
0.451236 0.071615 0.889527 99.9087 -0.0103056 0.997126 -0.0750499 -6.57344 -0.892345 0.0246981 0.450677 71.0105
0.452832 0.069964 0.888847 100.908 -0.00828784 0.997204 -0.0742708 -6.62136 -0.891557 0.0262656 0.452145 71.3121
0.455354 0.0688845 0.887642 100.908 -0.0063288 0.997228 -0.0741422 -6.66999 -0.890288 0.0281432 0.454527 71.6124
0.456879 0.0680705 0.886921 101.907 -0.00619241 0.997287 -0.0733512 -6.71791 -0.889507 0.0280204 0.456061 71.914
0.457833 0.0674169 0.886478 101.907 -0.00544087 0.997315 -0.073036 -6.76655 -0.889022 0.0286151 0.45697 72.2143
0.461788 0.0691366 0.884292 102.907 -0.00551765 0.997162 -0.0750798 -6.80446 -0.886973 0.0297918 0.460859 72.5159
0.464327 0.0690716 0.882967 102.906 -0.00252585 0.997054 -0.0766679 -6.85355 -0.885661 0.0333687 0.463133 72.7161
0.4674 0.0687362 0.88137 103.906 -0.00127873 0.997024 -0.0770777 -6.90147 -0.884045 0.0348991 0.466097 73.0178
0.469954 0.0664982 0.880183 104.906 0.00262923 0.997048 -0.0767312 -6.94938 -0.882687 0.0383743 0.468392 73.3195
0.473921 0.0655889 0.878121 104.905 0.00369999 0.997065 -0.07647 -6.98802 -0.880559 0.0394898 0.472288 73.6196
0.476377 0.0651564 0.876824 105.905 0.00496652 0.997035 -0.0767875 -7.03593 -0.879227 0.0409345 0.47464 73.9213
0.480307 0.0642769 0.874742 105.904 0.00538843 0.997076 -0.0762248 -7.07457 -0.877084 0.0413248 0.478556 74.2215
0.484268 0.0635859 0.872606 106.904 0.00704091 0.99704 -0.0765608 -7.12294 -0.874891 0.0432199 0.482387 74.4231
0.488162 0.0648534 0.87034 106.904 0.0065219 0.996936 -0.0779448 -7.17158 -0.872728 0.043726 0.486244 74.7234
0.490621 0.0652057 0.86893 107.903 0.00859037 0.996786 -0.0796506 -7.20949 -0.871331 0.0465427 0.488484 75.025
0.496836 0.0683942 0.865145 107.903 0.00652147 0.996567 -0.082529 -7.25813 -0.86782 0.0466454 0.494685 75.3252
0.502111 0.0740657 0.861626 108.903 0.00307548 0.996167 -0.0874231 -7.30604 -0.864798 0.046546 0.499958 75.6269
0.508136 0.0812797 0.857433 108.902 -0.00228466 0.995661 -0.0930289 -7.34468 -0.861274 0.0453124 0.506117 75.9271
0.513268 0.0877048 0.853735 109.902 -0.00713838 0.995166 -0.0979425 -7.39259 -0.858198 0.0441765 0.511414 76.2287
0.519247 0.0922567 0.84963 109.901 -0.0110681 0.994799 -0.101256 -7.45123 -0.854553 0.0431729 0.517567 76.529
0.525176 0.0928565 0.845912 110.901 -0.0155169 0.994909 -0.0995784 -7.48915 -0.850852 0.0391702 0.523943 76.8306
0.530988 0.0921087 0.842358 110.9 -0.0220443 0.99524 -0.0949299 -7.53733 -0.847093 0.0318374 0.530491 77.2309
0.536827 0.0891575 0.838968 111.9 -0.028003 0.995736 -0.0878991 -7.59524 -0.843228 0.023693 0.537034 77.5326
0.541834 0.0874419 0.835924 111.9 -0.0338492 0.996037 -0.0822498 -7.64388 -0.839804 0.0162704 0.542647 77.8328
0.54776 0.0853329 0.832272 112.899 -0.0368535 0.99628 -0.0778935 -7.69134 -0.835823 0.0119948 0.548867 78.2345
0.554922 0.0892887 0.827097 112.898 -0.0419685 0.995962 -0.0793606 -7.72953 -0.830843 0.00932693 0.556428 78.6346
0.560622 0.0929932 0.822834 113.898 -0.0458335 0.995636 -0.0812948 -7.77744 -0.826802 0.00786236 0.562437 78.9363
0.567043 0.0961405 0.818058 113.898 -0.048372 0.995338 -0.0834454 -7.82562 -0.822267 0.00774602 0.56905 79.3365
0.572742 0.0985306 0.813793 114.897 -0.0511182 0.995111 -0.0845072 -7.87308 -0.81814 0.00680125 0.574978 79.7382
0.579873 0.0993482 0.808627 114.896 -0.0541733 0.995042 -0.0834031 -7.92127 -0.812904 0.00455721 0.58238 80.1384
0.585306 0.101816 0.804394 115.896 -0.0604254 0.994803 -0.0819488 -7.96873 -0.808557 -0.000640661 0.588417 80.5401
0.592596 0.099488 0.799332 115.895 -0.0602584 0.995038 -0.0791729 -8.01646 -0.803243 -0.00124886 0.595651 81.0403
0.599784 0.0978769 0.794153 116.895 -0.060779 0.995196 -0.0767515 -8.06392 -0.79785 -0.00223345 0.602852 81.442
0.608287 0.0979087 0.787655 116.894 -0.0615532 0.995193 -0.0761705 -8.1221 -0.791327 -0.00214913 0.61139 81.8423
0.615076 0.100154 0.782081 117.893 -0.0657097 0.99496 -0.0757372 -8.15911 -0.785725 -0.00480608 0.618558 82.3439
0.623421 0.101166 0.775314 118.893 -0.0665796 0.994861 -0.0762779 -8.20612 -0.779047 -0.00406689 0.626953 82.8456
0.630244 0.101818 0.769692 118.892 -0.0687608 0.994788 -0.0752918 -8.25385 -0.773347 -0.00547249 0.63396 83.3458
0.635752 0.10125 0.765224 119.891 -0.0691431 0.994844 -0.0741878 -8.30085 -0.76879 -0.00574493 0.639475 83.8474
0.639301 0.0998899 0.762441 119.891 -0.0677703 0.994988 -0.0735317 -8.34858 -0.765965 -0.00466201 0.642866 84.3477
0.642985 0.0970549 0.759704 120.89 -0.0642513 0.995277 -0.0727703 -8.40513 -0.763179 -0.00202186 0.646184 84.9494
0.64537 0.0932413 0.758158 121.889 -0.0590403 0.995642 -0.0721909 -8.45214 -0.761585 0.001828 0.648063 85.451
0.649315 0.0863725 0.755599 121.888 -0.050836 0.996237 -0.0701945 -8.51987 -0.758819 0.00716671 0.651262 85.9513
0.654463 0.0803662 0.751811 122.888 -0.0447271 0.996709 -0.0676094 -8.56642 -0.75477 0.0106216 0.655903 86.553
0.656767 0.0751269 0.750342 123.887 -0.0394435 0.997085 -0.0653073 -8.61298 -0.753061 0.0132956 0.657816 87.1547
0.65952 0.0740386 0.748032 123.886 -0.0396188 0.997178 -0.0637677 -8.67025 -0.750642 0.01242 0.660592 87.755
0.662826 0.0754736 0.74496 124.885 -0.040085 0.997057 -0.0653486 -8.71726 -0.747699 0.013453 0.663901 88.2566
0.665875 0.0798356 0.74178 124.884 -0.0452835 0.99675 -0.0666275 -8.76453 -0.744688 0.0107752 0.667326 88.8568
0.668832 0.0837052 0.738686 125.884 -0.052089 0.996475 -0.0657538 -8.81108 -0.741587 0.00550082 0.670834 89.4585
0.672216 0.0804301 0.735973 126.883 -0.0522004 0.996756 -0.0612512 -8.85764 -0.738513 0.00275593 0.674234 90.0602
0.675418 0.0782613 0.733271 126.882 -0.055953 0.996925 -0.0548624 -8.90491 -0.735309 -0.00397366 0.67772 90.6604
0.678866 0.0728404 0.73064 127.881 -0.0552776 0.997313 -0.0480655 -8.94101 -0.732178 -0.00775798 0.681069 91.362
0.683632 0.0689147 0.726566 128.88 -0.0535365 0.997585 -0.0442479 -8.98757 -0.72786 -0.00864849 0.685671 91.9637
0.688491 0.0655095 0.72228 128.879 -0.0475656 0.997847 -0.0451625 -9.02484 -0.723683 -0.00326165 0.690125 92.5639
0.694002 0.0625495 0.717251 129.878 -0.0369712 0.998001 -0.0512601 -9.06139 -0.719023 0.00905696 0.694927 93.1655
0.698674 0.0642747 0.712547 130.878 -0.0312962 0.997749 -0.0593141 -9.09795 -0.714756 0.0191412 0.699112 93.7671
0.704582 0.0643897 0.706695 130.877 -0.0280317 0.997623 -0.0629493 -9.14477 -0.709069 0.024543 0.704712 94.4673
0.709697 0.0602712 0.701924 131.876 -0.0259234 0.997893 -0.0594743 -9.19132 -0.70403 0.0240125 0.709764 95.069
0.71613 0.0547555 0.695816 132.875 -0.0215462 0.998177 -0.0563738 -9.24742 -0.697634 0.0253788 0.716005 95.7707
0.721961 0.0512894 0.69003 132.874 -0.0166098 0.998246 -0.0568205 -9.29424 -0.691734 0.029561 0.721547 96.4709
0.725092 0.0531162 0.6866 133.873 -0.0140516 0.997955 -0.0623636 -9.34079 -0.688508 0.0355715 0.724356 97.0726
0.729428 0.0537691 0.681941 134.872 -0.0138349 0.997862 -0.0638802 -9.38689 -0.683917 0.0371615 0.728613 97.7742
0.732534 0.0513616 0.67879 134.871 -0.011808 0.997958 -0.062769 -9.43371 -0.680628 0.0379653 0.731645 98.4745
0.735672 0.045148 0.675832 135.87 -0.00800406 0.998286 -0.0579764 -9.45027 -0.677291 0.0372422 0.734772 99.076
0.737003 0.0414117 0.67462 135.869 -0.0050663 0.998432 -0.0557542 -9.54482 -0.675871 0.0376732 0.736057 100.276
0.738826 0.0362489 0.672921 136.869 -0.00120204 0.998622 -0.052474 -9.5441 -0.673895 0.0379603 0.737851 100.278
0.738833 0.0353623 0.67296 137.867 -0.000748325 0.998665 -0.0516556 -9.63883 -0.673888 0.0376613 0.737873 101.28
0.737554 0.035722 0.674343 137.866 -0.00204998 0.998714 -0.0506628 -9.63429 -0.675286 0.0359842 0.736678 102.28
0.73702 0.0383937 0.67478 138.866 -0.00436559 0.998635 -0.0520522 -9.73357 -0.675857 0.0354177 0.736181 102.282
0.735688 0.0417683 0.676032 139.864 -0.00767156 0.998547 -0.0533462 -9.7283 -0.677277 0.0340599 0.734939 103.283
0.734354 0.0452411 0.677258 139.863 -0.0104944 0.998414 -0.0553153 -9.82376 -0.678686 0.0335136 0.733664 104.284
0.732489 0.047606 0.679113 140.863 -0.0144739 0.998416 -0.0543777 -9.82304 -0.680625 0.0300017 0.732017 104.285
0.729375 0.0494838 0.682323 141.862 -0.0170364 0.998385 -0.0541944 -9.91778 -0.683903 0.0279037 0.72904 105.287
0.728089 0.0486892 0.683751 141.86 -0.0177967 0.998481 -0.0521501 -9.91324 -0.685251 0.0258014 0.727849 106.287
0.725023 0.0472149 0.687105 142.86 -0.0185092 0.998623 -0.0490905 -10.0125 -0.688476 0.022874 0.724898 106.289
0.722576 0.0432632 0.689936 142.859 -0.014595 0.998772 -0.0473436 -10.008 -0.691137 0.0241398 0.722321 107.289
0.720749 0.0472222 0.691586 143.857 -0.0147126 0.998494 -0.0528452 -10.1027 -0.69304 0.0279132 0.720359 108.291
0.716141 0.0575149 0.695582 144.857 -0.0202494 0.997892 -0.0616637 -10.102 -0.697662 0.0300748 0.715796 108.292
0.712864 0.0643184 0.698346 144.856 -0.0233687 0.997411 -0.0680081 -10.1974 -0.700913 0.032161 0.712522 109.293
0.709709 0.0626395 0.701705 145.855 -0.0246462 0.997637 -0.0641294 -10.1922 -0.704064 0.0282189 0.709576 110.294
0.705164 0.0613205 0.706388 146.855 -0.0280936 0.997887 -0.0585802 -10.2915 -0.708488 0.0214637 0.705397 110.296
0.701942 0.0600242 0.7097 146.853 -0.0304602 0.998061 -0.0542856 -10.2869 -0.711582 0.0164878 0.702409 111.296
0.698784 0.0594507 0.712858 147.852 -0.0298766 0.998096 -0.0539521 -10.3817 -0.714708 0.0164031 0.699231 112.298
0.695669 0.0578215 0.716032 148.852 -0.0277721 0.998175 -0.0536231 -10.3809 -0.717825 0.0174183 0.696005 112.299
0.692584 0.0566301 0.719111 148.85 -0.0237543 0.998163 -0.0557275 -10.4764 -0.720946 0.021514 0.692657 113.3
0.688073 0.0574021 0.723368 149.849 -0.0217681 0.99805 -0.0584933 -10.4711 -0.725315 0.0245013 0.687981 114.301
0.684908 0.0577681 0.726336 150.849 -0.0187735 0.99792 -0.0616655 -10.5704 -0.728387 0.0285993 0.684568 114.303
0.680276 0.0582704 0.730636 150.848 -0.0196388 0.997926 -0.0613024 -10.6659 -0.732693 0.0273538 0.680009 115.303
0.676926 0.0600173 0.7336 151.848 -0.0215021 0.997857 -0.0617957 -10.6651 -0.735737 0.0260572 0.676766 115.305
0.672316 0.0595259 0.737867 152.846 -0.0204206 0.997874 -0.0618949 -10.7599 -0.739982 0.0265453 0.672103 116.307
0.665605 0.0616805 0.743751 152.845 -0.0221684 0.997773 -0.0629079 -10.7553 -0.745975 0.0253841 0.66549 117.307
0.660048 0.0694015 0.748011 153.845 -0.0267543 0.997263 -0.0689194 -10.8546 -0.750747 0.0254776 0.660098 117.309
0.653734 0.0755215 0.752946 154.843 -0.0302062 0.996819 -0.0737562 -10.8494 -0.756121 0.0254733 0.653935 118.31
0.648319 0.0776564 0.757398 154.844 -0.0297856 0.99661 -0.076687 -10.9494 -0.760786 0.027158 0.648434 118.311
0.64011 0.072646 0.764841 155.842 -0.0313228 0.997159 -0.0684974 -11.0441 -0.767644 0.0198889 0.640568 119.312
0.633092 0.0684679 0.771043 156.841 -0.0368148 0.997617 -0.0583593 -11.0388 -0.773201 0.00856108 0.634104 120.314
0.626272 0.0633228 0.777029 156.841 -0.0356735 0.99798 -0.0525766 -11.1388 -0.778788 0.00520784 0.627265 120.314
0.619096 0.0646951 0.782646 157.839 -0.040612 0.997905 -0.0503636 -11.1336 -0.784264 -0.000604955 0.620427 121.316
0.610648 0.0660964 0.789139 158.839 -0.0392871 0.997812 -0.0531734 -11.1328 -0.790927 0.00146723 0.611909 121.317
0.603767 0.0655592 0.794461 159.838 -0.0328164 0.997812 -0.0574004 -11.2276 -0.796485 0.00858511 0.604597 122.319
0.597948 0.0744599 0.798069 159.836 -0.0319839 0.997099 -0.0690656 -11.223 -0.800897 0.0157723 0.598595 123.319
0.589451 0.0751775 0.804298 160.837 -0.0281078 0.996966 -0.0725866 -11.3223 -0.807315 0.0201793 0.589776 123.321
0.582332 0.071539 0.809798 161.835 -0.02587 0.997247 -0.0694953 -11.417 -0.81254 0.0195199 0.582579 124.323
0.575246 0.0656766 0.81534 162.835 -0.0216251 0.997644 -0.0651043 -11.4163 -0.817695 0.0198191 0.575311 124.324
0.56939 0.065074 0.819488 162.834 -0.0210648 0.99769 -0.0645886 -11.5118 -0.821797 0.0195138 0.569445 125.325
0.561957 0.0667624 0.824468 163.834 -0.0223767 0.9976 -0.0655301 -11.5111 -0.826864 0.0183762 0.562102 125.326
0.556184 0.0644691 0.828555 164.832 -0.0175016 0.997674 -0.0658797 -11.6058 -0.830875 0.0221401 0.556018 126.328
0.551179 0.0584064 0.83234 165.832 -0.0125086 0.998013 -0.0617487 -11.7051 -0.834293 0.0236231 0.550814 126.33
0.545196 0.055983 0.836438 165.831 -0.0120414 0.998188 -0.0589603 -11.7005 -0.838222 0.0220731 0.544882 127.33
0.541393 0.0550389 0.838966 166.831 -0.0139763 0.998306 -0.0564731 -11.7998 -0.840653 0.0188485 0.541245 127.332
0.536126 0.0572466 0.842195 167.83 -0.0144334 0.998174 -0.0586609 -11.7945 -0.844015 0.0192938 0.535973 128.333
0.53236 0.06017 0.844377 168.83 -0.0135184 0.997948 -0.0625904 -11.8938 -0.84641 0.021906 0.532081 128.335
0.530017 0.0657039 0.845438 168.828 -0.0138887 0.997533 -0.0688171 -11.8893 -0.847873 0.0247322 0.529622 129.335
0.527621 0.0684055 0.846721 169.828 -0.0160531 0.997377 -0.0705736 -11.9886 -0.849328 0.0236436 0.527335 129.337
0.523852 0.0639648 0.849404 170.827 -0.0158806 0.997737 -0.0653411 -11.9833 -0.851661 0.0207401 0.523683 130.339
