1 0 0 0 0 1 0 0 0 0 1 0
0.999998 -0.00209755 0.0005964 -0.00745302 0.00209809 0.999997 -0.000895817 -0.0117574 -0.000594504 0.000897076 0.999999 0.963221
0.999993 -0.00358219 0.000661051 -0.0229833 0.00357991 0.999988 0.00341631 -0.0379775 -0.000673273 -0.00341393 0.999994 1.92649
0.999987 -0.0050753 -0.000113544 -0.0379968 0.00507617 0.999938 0.00987321 -0.0654505 6.34262e-05 -0.00987366 0.999951 2.88685
0.999954 -0.00949911 -0.00149055 -0.0481951 0.00951213 0.999914 0.00898547 -0.0884923 0.00140507 -0.00899923 0.999959 3.84519
0.999922 -0.0122442 -0.00253059 -0.0608249 0.0122591 0.999907 0.00593345 -0.10712 0.00245772 -0.00596401 0.999979 4.77767
0.999912 -0.0128162 -0.0033275 -0.0731016 0.0128258 0.999914 0.0028614 -0.111769 0.00329053 -0.00290384 0.99999 5.71511
0.999917 -0.0121913 -0.00413127 -0.0884565 0.0122005 0.999923 0.00220849 -0.122071 0.00410403 -0.00225871 0.999989 6.64491
0.999921 -0.0115298 -0.00508371 -0.101816 0.0115527 0.999923 0.0045149 -0.129343 0.00503127 -0.00457327 0.999977 7.57426
0.999918 -0.0114469 -0.00579166 -0.116068 0.0114899 0.999906 0.00744185 -0.132746 0.00570595 -0.00750777 0.999956 8.50464
0.99991 -0.0116035 -0.0067942 -0.130909 0.0116628 0.999894 0.00875042 -0.133808 0.00669193 -0.00882887 0.999939 9.42768
0.999886 -0.0131606 -0.00740814 -0.147001 0.01323 0.999868 0.0094059 -0.137795 0.00728339 -0.00950283 0.999928 10.3783
0.999876 -0.0133284 -0.00836625 -0.161035 0.0134061 0.999867 0.00929417 -0.149821 0.00824125 -0.00940518 0.999922 11.2623
0.999867 -0.0135725 -0.00903976 -0.17685 0.0136424 0.999877 0.00771516 -0.165821 0.00893394 -0.00783744 0.999929 12.1721
0.999845 -0.0140692 -0.0105718 -0.193821 0.0141279 0.999885 0.00549713 -0.18667 0.0104933 -0.00564566 0.999929 13.0803
0.999809 -0.0153924 -0.0120564 -0.209578 0.0154442 0.999872 0.0042148 -0.198574 0.01199 -0.00440021 0.999918 13.9845
0.999793 -0.0150329 -0.0137222 -0.228619 0.0150844 0.99988 0.00365534 -0.203743 0.0136656 -0.00386156 0.999899 14.8852
0.99979 -0.0137491 -0.0151721 -0.249756 0.0137923 0.999901 0.00274651 -0.208128 0.0151329 -0.00295518 0.999881 15.7821
0.999782 -0.0123042 -0.0168965 -0.269262 0.0123512 0.99992 0.00268085 -0.209166 0.0168621 -0.00288894 0.999854 16.6738
0.999747 -0.0128429 -0.0184543 -0.288854 0.012912 0.99991 0.00363453 -0.211482 0.018406 -0.00387189 0.999823 17.5658
0.99973 -0.0121883 -0.0197928 -0.310876 0.0122899 0.999912 0.00501836 -0.217093 0.0197299 -0.00526027 0.999792 18.4531
0.999701 -0.0120264 -0.0212958 -0.333082 0.0121429 0.999912 0.00534965 -0.223146 0.0212295 -0.00560663 0.999759 19.3337
0.999648 -0.0131714 -0.0230301 -0.35339 0.0132963 0.999898 0.00527814 -0.21773 0.0229583 -0.0055825 0.999721 20.2078
0.999607 -0.0133923 -0.0246245 -0.372935 0.0135105 0.999898 0.00464016 -0.212452 0.0245598 -0.00497102 0.999686 21.0768
0.999582 -0.0133176 -0.0256486 -0.395037 0.0134526 0.999897 0.00509741 -0.205444 0.0255781 -0.00544034 0.999658 21.9397
0.999558 -0.013068 -0.0267026 -0.417174 0.0132608 0.999887 0.00705374 -0.20046 0.0266074 -0.00740472 0.999619 22.7965
0.999518 -0.0143345 -0.0275284 -0.437228 0.014612 0.999844 0.00990716 -0.194861 0.027382 -0.0103047 0.999572 23.6541
0.999504 -0.0139709 -0.0282161 -0.454434 0.0142934 0.999834 0.011259 -0.18301 0.0280541 -0.0116567 0.999538 24.4808
0.999489 -0.013521 -0.0289767 -0.475074 0.0138178 0.999854 0.0100651 -0.17257 0.0288364 -0.0104603 0.999529 25.3048
0.999484 -0.0121303 -0.0297313 -0.498004 0.0123528 0.999897 0.00731056 -0.163263 0.0296395 -0.00767406 0.999531 26.1189
0.999467 -0.0116259 -0.0305066 -0.521774 0.0118052 0.999914 0.00570542 -0.160189 0.0304377 -0.00606254 0.999518 26.9154
0.999446 -0.0109079 -0.0314463 -0.546089 0.011078 0.999925 0.00524135 -0.161648 0.0313868 -0.00558681 0.999492 27.708
0.999398 -0.0111286 -0.0328555 -0.570297 0.0112932 0.999925 0.00482987 -0.16303 0.0327993 -0.005198 0.999448 28.4931
0.999338 -0.0108252 -0.0347204 -0.594805 0.0109777 0.999931 0.00420578 -0.159125 0.0346725 -0.00458414 0.999388 29.265
0.999272 -0.0108456 -0.0365669 -0.618652 0.0109925 0.999932 0.00381836 -0.142685 0.036523 -0.00421753 0.999324 30.0315
0.999191 -0.0111583 -0.0386264 -0.645996 0.0113576 0.999923 0.00494316 -0.135045 0.0385683 -0.00537786 0.999242 30.7915
0.999114 -0.0111415 -0.0405907 -0.674603 0.0114584 0.999906 0.00758422 -0.132858 0.0405023 -0.00804259 0.999147 31.5356
0.999045 -0.0103744 -0.042433 -0.707882 0.0107588 0.999903 0.0088417 -0.135048 0.0423372 -0.00928978 0.99906 32.273
0.998975 -0.00890988 -0.0443772 -0.746526 0.0093222 0.999915 0.00909316 -0.138712 0.0442925 -0.00949753 0.998973 33.0004
0.998913 -0.00626954 -0.046189 -0.788232 0.00665665 0.999944 0.00823185 -0.138616 0.0461348 -0.00853037 0.998899 33.7416
0.998839 -0.0047773 -0.0479456 -0.827817 0.00513807 0.999959 0.00740438 -0.135778 0.0479083 -0.00764213 0.998823 34.4311
0.998767 -0.00430063 -0.0494582 -0.865265 0.00474277 0.99995 0.00882586 -0.125009 0.0494177 -0.00904954 0.998737 35.1236
0.998719 -0.00311787 -0.0505005 -0.901801 0.00364796 0.999939 0.010408 -0.11312 0.050465 -0.0105789 0.99867 35.8111
0.998727 -8.90894e-05 -0.0504336 -0.94285 0.000652128 0.999938 0.0111478 -0.108587 0.0504295 -0.0111665 0.998665 36.4869
0.998776 0.00305002 -0.0493618 -0.981583 -0.00260517 0.999955 0.00907387 -0.0981779 0.0493873 -0.00893417 0.99874 37.1488
0.998856 0.0046484 -0.0475869 -1.01314 -0.00438059 0.999974 0.00573029 -0.0844228 0.0476123 -0.00551527 0.998851 37.801
0.998955 0.00500599 -0.0454387 -1.04195 -0.00484159 0.999981 0.00372747 -0.0763248 0.0454566 -0.00350358 0.99896 38.438
0.999082 0.00622267 -0.0423834 -1.07183 -0.00603162 0.999971 0.00463411 -0.069248 0.042411 -0.00437421 0.999091 39.0748
0.999182 0.0112756 -0.0388373 -1.10443 -0.0109795 0.999909 0.00783028 -0.0679122 0.0389221 -0.00739747 0.999215 39.7241
0.999263 0.0157209 -0.0350141 -1.13357 -0.0153238 0.999816 0.011582 -0.0651716 0.0351897 -0.011037 0.99932 40.3294
0.999316 0.0206221 -0.0306952 -1.15906 -0.0202489 0.999718 0.0124232 -0.0608434 0.0309427 -0.0117932 0.999452 40.9281
0.999384 0.0243264 -0.025308 -1.18008 -0.0240149 0.999633 0.0125406 -0.0545767 0.0256038 -0.0119251 0.999601 41.5128
0.999417 0.0280189 -0.0195014 -1.19671 -0.0277377 0.999509 0.0145451 -0.0489116 0.0198993 -0.0139957 0.999704 42.0813
0.999373 0.0330365 -0.0127522 -1.21085 -0.0328309 0.999333 0.0160075 -0.0454005 0.0132725 -0.0155788 0.999791 42.6295
0.999324 0.0363212 -0.00561691 -1.21884 -0.0362313 0.999225 0.0153622 -0.0433297 0.00617053 -0.0151483 0.999866 43.1565
0.999205 0.0398206 0.00171636 -1.22123 -0.0398428 0.999082 0.0157532 -0.0408355 -0.00108747 -0.0158091 0.999874 43.6641
0.998977 0.0442596 0.00926695 -1.22195 -0.0443977 0.998897 0.0152624 -0.03287 -0.00858122 -0.0156582 0.999841 44.1475
0.998672 0.048631 0.0169905 -1.2195 -0.0488429 0.998731 0.0122848 -0.0255539 -0.0163715 -0.0130984 0.99978 44.6115
0.998419 0.0503607 0.0249482 -1.21197 -0.0505976 0.998679 0.00895747 -0.0256628 -0.0244642 -0.0102056 0.999649 45.051
0.998165 0.0508213 0.0329118 -1.19841 -0.0511532 0.998647 0.00932253 -0.0249925 -0.0323935 -0.010989 0.999415 45.4727
0.997904 0.0503052 0.0407038 -1.17842 -0.0507781 0.998653 0.0106678 -0.0247557 -0.0401123 -0.0127123 0.999114 45.8697
0.997451 0.0520506 0.0488075 -1.15804 -0.0526715 0.998545 0.0115225 -0.0227811 -0.0481368 -0.0140639 0.998742 46.2416
0.996775 0.0554969 0.0579707 -1.13819 -0.0562502 0.998351 0.011443 -0.0207751 -0.0572401 -0.014667 0.998253 46.6044
0.995977 0.0601352 0.0664295 -1.12041 -0.0609931 0.998078 0.0109611 -0.0210793 -0.0656426 -0.0149688 0.997731 46.9156
0.995108 0.0637116 0.075501 -1.09751 -0.0647287 0.997841 0.0110994 -0.0237554 -0.0746308 -0.0159322 0.997084 47.2138
0.994393 0.0631584 0.0848128 -1.06805 -0.0643558 0.997861 0.0114562 -0.0314199 -0.0839079 -0.0168501 0.996331 47.4882
0.993488 0.0621049 0.0955191 -1.03529 -0.0632929 0.99795 0.00945517 -0.0377535 -0.0947361 -0.0154393 0.995383 47.7539
0.992347 0.0608292 0.107456 -0.999544 -0.0616918 0.998084 0.00471794 -0.0434193 -0.106963 -0.011311 0.994199 48.013
0.990768 0.0617886 0.120672 -0.960725 -0.062293 0.998058 0.000408862 -0.0481336 -0.120412 -0.00792207 0.992692 48.2699
0.988626 0.0636169 0.136275 -0.920106 -0.064002 0.997949 -0.00155869 -0.054128 -0.136094 -0.00718086 0.99067 48.5247
0.986009 0.0655875 0.153247 -0.872196 -0.0659322 0.99782 -0.00283697 -0.0584817 -0.153099 -0.00730663 0.988184 48.7874
0.983327 0.0659922 0.16945 -0.821836 -0.0662566 0.997794 -0.00409942 -0.0629018 -0.169347 -0.00719611 0.98553 49.024
0.980068 0.0652544 0.187641 -0.761654 -0.0654221 0.997844 -0.00530593 -0.0669918 -0.187582 -0.00707565 0.982223 49.2685
0.976093 0.0643333 0.207613 -0.694527 -0.0645437 0.997898 -0.00576761 -0.0714051 -0.207547 -0.00777037 0.978194 49.5154
0.971698 0.0648147 0.227159 -0.627847 -0.0649071 0.997866 -0.00707095 -0.0748561 -0.227133 -0.00787343 0.973832 49.7454
0.966344 0.06691 0.2484 -0.554505 -0.0666313 0.997732 -0.00953911 -0.0786958 -0.248475 -0.00733314 0.968611 49.9836
0.960133 0.0682232 0.271091 -0.473437 -0.0675675 0.997645 -0.0117627 -0.0838183 -0.271255 -0.00702323 0.962482 50.2199
0.952777 0.0694856 0.295614 -0.383524 -0.0687611 0.99755 -0.0128593 -0.0903169 -0.295783 -0.00807472 0.955221 50.4588
0.944157 0.0723946 0.321445 -0.287911 -0.0717525 0.997326 -0.0138606 -0.0977896 -0.321589 -0.00997791 0.946827 50.6981
0.934003 0.0748044 0.349346 -0.181744 -0.0741851 0.997129 -0.0151728 -0.106543 -0.349478 -0.0117449 0.936871 50.9398
0.922908 0.0754455 0.377557 -0.0671013 -0.0747221 0.997066 -0.016587 -0.116012 -0.3777 -0.0129036 0.925838 51.169
0.910268 0.0735865 0.407427 0.063237 -0.0722114 0.997213 -0.0187756 -0.124717 -0.407673 -0.0123301 0.913045 51.3954
0.895148 0.0710023 0.440079 0.207977 -0.0684001 0.99742 -0.0217937 -0.132765 -0.440491 -0.0105928 0.897695 51.6202
0.87792 0.0707559 0.473551 0.359592 -0.066173 0.99746 -0.0263575 -0.140746 -0.474213 -0.00819646 0.880372 51.8403
0.85837 0.0727141 0.507853 0.522075 -0.0656903 0.997334 -0.0317684 -0.149156 -0.508809 -0.00609196 0.860858 52.0593
0.83631 0.0749856 0.543105 0.701054 -0.0657111 0.997171 -0.0364915 -0.158745 -0.544305 -0.00516984 0.838871 52.2847
0.811418 0.078179 0.579215 0.89584 -0.067123 0.996921 -0.0405265 -0.169779 -0.5806 -0.00599474 0.814167 52.5137
0.784162 0.0823336 0.615071 1.10257 -0.0703975 0.996564 -0.0436496 -0.184165 -0.616551 -0.00907108 0.787263 52.7361
0.754113 0.086797 0.650984 1.33164 -0.0741754 0.996142 -0.0468913 -0.199484 -0.652542 -0.0129257 0.757642 52.9686
0.721003 0.087891 0.687335 1.58785 -0.073815 0.996021 -0.0499327 -0.216294 -0.688989 -0.014734 0.724622 53.1957
0.684608 0.0856328 0.723864 1.87535 -0.0707898 0.996192 -0.0508983 -0.228083 -0.725466 -0.0163968 0.688062 53.4117
0.645656 0.0843506 0.758955 2.19866 -0.0679522 0.996284 -0.0529193 -0.227046 -0.760599 -0.017405 0.648989 53.6284
0.602765 0.0841047 0.793474 2.54131 -0.0661068 0.996274 -0.0553824 -0.231367 -0.795176 -0.0190715 0.606079 53.8336
0.557486 0.0840446 0.825921 2.90209 -0.0625843 0.996286 -0.0591371 -0.226327 -0.827824 -0.0187216 0.560676 54.0281
0.50958 0.0830081 0.85641 3.28731 -0.0600981 0.996338 -0.0608112 -0.232062 -0.858322 -0.0204805 0.512702 54.2145
0.460957 0.0809874 0.883719 3.69394 -0.0583048 0.996439 -0.0609051 -0.236358 -0.885505 -0.0234504 0.464038 54.381
0.410982 0.0791283 0.908203 4.12594 -0.0584527 0.996463 -0.060367 -0.260635 -0.909768 -0.0282772 0.414153 54.5303
0.361205 0.0789559 0.929138 4.5688 -0.0615801 0.996253 -0.0607198 -0.282735 -0.930451 -0.035284 0.364714 54.6656
0.311839 0.0797976 0.946778 5.03097 -0.0588625 0.996175 -0.0645735 -0.306935 -0.94831 -0.0355931 0.315344 54.7694
0.265124 0.0755599 0.961249 5.51268 -0.0482998 0.996714 -0.065026 -0.337423 -0.963004 -0.0291882 0.267903 54.8511
0.221594 0.0702561 0.972605 6.0156 -0.0346598 0.997339 -0.064146 -0.367737 -0.974523 -0.0194959 0.22344 54.9059
0.178569 0.0687105 0.981525 6.5394 -0.0259365 0.997541 -0.065113 -0.393724 -0.983585 -0.0138301 0.179912 54.9534
0.140968 0.0715609 0.987424 7.05337 -0.0219371 0.997365 -0.0691495 -0.422095 -0.989771 -0.0119134 0.142166 54.9894
0.109015 0.0713399 0.991477 7.58563 -0.0130769 0.997438 -0.070331 -0.463804 -0.993954 -0.00529831 0.109669 55.0067
0.0800546 0.0695647 0.99436 8.13659 -0.00643855 0.997577 -0.0692714 -0.512833 -0.99677 -0.000856746 0.0803085 55.0249
0.0553301 0.0673573 0.996194 8.70197 0.000396609 0.99772 -0.0674826 -0.552369 -0.998468 0.00412892 0.0551772 55.0321
0.035781 0.0675738 0.997072 9.27871 0.00581772 0.99768 -0.0678238 -0.595561 -0.999343 0.0082275 0.0353049 55.0389
0.020273 0.0693528 0.997386 9.86032 0.0090047 0.997538 -0.0695464 -0.639835 -0.999754 0.0103911 0.0195986 55.0386
0.00681075 0.0688964 0.997601 10.4648 0.0095976 0.997573 -0.06896 -0.684725 -0.999931 0.0100442 0.00613298 55.0377
-0.00466409 0.0695725 0.997566 11.0647 0.00998479 0.99753 -0.0695234 -0.733466 -0.999939 0.00963622 -0.00534724 55.038
-0.0132758 0.0729839 0.997245 11.6822 0.0147716 0.997238 -0.0727867 -0.79181 -0.999803 0.0137646 -0.0143172 55.0233
-0.0197034 0.0749109 0.996996 12.3101 0.0193648 0.997031 -0.0745308 -0.853447 -0.999618 0.0178381 -0.0210956 54.991
-0.0243902 0.0740124 0.996959 12.9477 0.0195793 0.9971 -0.0735439 -0.90389 -0.999511 0.017726 -0.0257685 54.9657
-0.0281784 0.0716203 0.997034 13.6005 0.0171911 0.997317 -0.0711548 -0.953057 -0.999455 0.0151351 -0.029334 54.9472
-0.0307245 0.0640901 0.997471 14.2611 0.014954 0.99786 -0.0636544 -1.00471 -0.999416 0.0129604 -0.0316171 54.9236
-0.032059 0.0582327 0.997788 14.9408 0.0163453 0.998198 -0.0577315 -1.05227 -0.999352 0.0144583 -0.0329531 54.8879
-0.032518 0.0561145 0.997895 15.6257 0.0189752 0.998277 -0.0555177 -1.10066 -0.999291 0.0171299 -0.0335268 54.8466
-0.0322075 0.0584791 0.997769 16.315 0.0221313 0.998084 -0.0577832 -1.15128 -0.999236 0.0202208 -0.03344 54.8097
-0.0315432 0.0665624 0.997284 17.0104 0.0233608 0.997557 -0.0658417 -1.19624 -0.999229 0.0212205 -0.0330211 54.7734
-0.0293574 0.0743836 0.996798 17.7127 0.0239789 0.996993 -0.0736919 -1.23595 -0.999281 0.0217387 -0.0310527 54.7435
-0.0271781 0.0758436 0.996749 18.4327 0.0253613 0.996849 -0.0751597 -1.27887 -0.999309 0.0232362 -0.029016 54.7157
-0.0251454 0.0708396 0.997171 19.1697 0.024251 0.997236 -0.0702327 -1.32663 -0.99939 0.0224163 -0.0267938 54.6891
-0.0226804 0.0632907 0.997737 19.9064 0.0238168 0.997745 -0.0627498 -1.38003 -0.999459 0.0223397 -0.0241366 54.6657
-0.0200325 0.0625555 0.99784 20.6411 0.0215167 0.997836 -0.0621233 -1.4286 -0.999568 0.0202257 -0.0213352 54.6458
-0.0166195 0.0682307 0.997531 21.3668 0.0295614 0.997266 -0.0677201 -1.47318 -0.999425 0.0283629 -0.0185911 54.6149
-0.0131458 0.073588 0.997202 22.0955 0.0316069 0.99682 -0.0731431 -1.51902 -0.999414 0.030557 -0.0154299 54.5895
-0.0110068 0.0739881 0.997198 22.8318 0.0248426 0.996971 -0.073697 -1.56966 -0.999631 0.0239618 -0.0128115 54.5861
-0.00778458 0.0714432 0.997414 23.5607 0.0212509 0.997231 -0.0712642 -1.62586 -0.999744 0.0206412 -0.00928125 54.5837
-0.00307141 0.0658306 0.997826 24.3019 0.0249215 0.997526 -0.0657341 -1.68543 -0.999685 0.0246654 -0.0047044 54.568
0.000259819 0.0683584 0.997661 25.0403 0.0298798 0.997215 -0.0683357 -1.73767 -0.999554 0.0298277 -0.00178344 54.5485
0.00337154 0.0723423 0.997374 25.7637 0.029334 0.996944 -0.0724102 -1.78808 -0.999564 0.0295011 0.00123915 54.548
0.00684565 0.0737105 0.997256 26.4968 0.0258574 0.996933 -0.0738641 -1.84181 -0.999642 0.0262921 0.0049187 54.5602
0.0106688 0.0724314 0.997316 27.2336 0.0247991 0.997047 -0.0726772 -1.89513 -0.999636 0.025508 0.00884102 54.5785
0.014588 0.0697287 0.997459 27.9729 0.0291992 0.99711 -0.0701314 -1.9535 -0.999467 0.0301481 0.0125098 54.588
0.0186016 0.0694619 0.997411 28.7064 0.0337831 0.996971 -0.0700613 -2.01505 -0.999256 0.0349989 0.0161986 54.602
0.0222238 0.0705005 0.997264 29.4411 0.0365989 0.996784 -0.0712822 -2.0697 -0.999083 0.038083 0.0195721 54.6154
0.0249663 0.0707895 0.997179 30.1751 0.0367439 0.996751 -0.0716791 -2.12062 -0.999013 0.0384298 0.0222841 54.6306
0.0285091 0.0696256 0.997166 30.9144 0.0384061 0.996758 -0.0706952 -2.16986 -0.998855 0.0403127 0.0257426 54.6443
0.0322122 0.0679006 0.997172 31.6551 0.039868 0.996808 -0.0691638 -2.22017 -0.998686 0.0419831 0.0294024 54.659
0.0350703 0.0690858 0.996994 32.3938 0.0387933 0.996762 -0.0704343 -2.26087 -0.998632 0.0411468 0.0322767 54.6831
0.0381291 0.0704838 0.996784 33.1362 0.035981 0.996766 -0.0718589 -2.301 -0.998625 0.0386052 0.0354697 54.7132
0.0410062 0.0705798 0.996663 33.8798 0.0378393 0.996677 -0.0721376 -2.34273 -0.998442 0.0406711 0.0381992 54.7408
0.0437742 0.0701518 0.996575 34.6272 0.0351599 0.996805 -0.0717124 -2.38917 -0.998423 0.0381786 0.0411679 54.7756
0.0457994 0.0710476 0.996421 35.3713 0.0340839 0.996776 -0.0726396 -2.43266 -0.998369 0.0372887 0.0432301 54.813
0.0489222 0.0705715 0.996306 36.1266 0.0302544 0.996938 -0.0721018 -2.48144 -0.998344 0.03367 0.0466373 54.8537
0.0522808 0.0726633 0.995985 36.8796 0.0290524 0.996816 -0.0742489 -2.53175 -0.99821 0.0328175 0.0500034 54.8935
0.0554864 0.0769334 0.995491 37.6334 0.0280715 0.996513 -0.078577 -2.5862 -0.998065 0.0323049 0.0531333 54.9345
0.0588607 0.0783211 0.995189 38.3944 0.027706 0.996405 -0.0800555 -2.64091 -0.997882 0.0322848 0.0564792 54.9778
0.0619075 0.0810664 0.994784 39.1587 0.021998 0.996343 -0.0825625 -2.69056 -0.997839 0.0269945 0.0598978 55.0317
0.0644957 0.0798155 0.994721 39.9307 0.0180269 0.99654 -0.0811303 -2.74068 -0.997755 0.0231642 0.0628337 55.0884
0.0681615 0.0803099 0.994437 40.7068 0.0201896 0.99644 -0.0818555 -2.79653 -0.99747 0.0256567 0.0662974 55.1385
0.0722098 0.081258 0.994074 41.484 0.0196116 0.996367 -0.08287 -2.85073 -0.997197 0.0254794 0.0703539 55.1928
0.0756837 0.0822779 0.993731 42.2679 0.0151047 0.996381 -0.0836476 -2.90276 -0.997017 0.0213408 0.074167 55.2577
0.0798294 0.0811865 0.993497 43.0587 0.0147528 0.996472 -0.0826151 -2.95748 -0.996699 0.0212519 0.07835 55.3212
0.0848404 0.0795192 0.993216 43.8662 0.014619 0.996604 -0.0810392 -3.00947 -0.996287 0.0213952 0.0833898 55.389
0.0896657 0.0842014 0.992406 44.6419 0.0112006 0.996272 -0.0855414 -3.06395 -0.995909 0.0187856 0.0883883 55.4646
0.0957393 0.0934899 0.991006 45.4325 0.00962162 0.995446 -0.0948382 -3.11309 -0.99536 0.0186148 0.0944038 55.5451
0.10322 0.0978181 0.989837 46.2356 0.00780918 0.995042 -0.0991468 -3.17081 -0.994628 0.0179638 0.101944 55.6317
0.110406 0.100216 0.988821 47.0502 0.00378564 0.994854 -0.10125 -3.23384 -0.993879 0.0149219 0.109459 55.7305
0.117324 0.0980045 0.988246 47.8419 -0.000128016 0.99512 -0.098671 -3.30003 -0.993094 0.01145 0.116764 55.8333
0.124974 0.0961173 0.987493 48.6546 -0.000400711 0.995301 -0.0968266 -3.36877 -0.99216 0.0117051 0.124426 55.9401
0.132177 0.0931549 0.986839 49.4683 -0.000515051 0.99558 -0.0939111 -3.43311 -0.991226 0.0119046 0.131641 56.0514
0.139639 0.0870478 0.986369 50.2843 -0.00276718 0.996159 -0.0875201 -3.49727 -0.990199 0.00949175 0.139344 56.1722
0.146767 0.0802947 0.985907 51.0952 -0.00490287 0.996747 -0.0804477 -3.55337 -0.989159 0.00697329 0.146683 56.3006
0.154425 0.0766237 0.985029 51.9162 -0.00543993 0.997039 -0.0767051 -3.61465 -0.98799 0.00648669 0.154384 56.4316
0.161491 0.0796368 0.983656 52.7008 -0.00521332 0.996794 -0.0798445 -3.66901 -0.98686 0.00776606 0.161388 56.5606
0.167214 0.0854435 0.982211 53.4883 -0.00507142 0.996299 -0.0858056 -3.72301 -0.985907 0.00936673 0.167029 56.6975
0.172374 0.089975 0.980914 54.2698 -0.00600065 0.995897 -0.0902948 -3.78121 -0.985013 0.00967836 0.172207 56.8371
0.177078 0.0922808 0.979861 55.0308 -0.00812575 0.995698 -0.0923038 -3.84124 -0.984163 0.00838285 0.177066 56.9776
0.182467 0.0917836 0.978919 55.7968 -0.00998151 0.995755 -0.0915017 -3.90079 -0.983161 0.00692494 0.182608 57.121
0.187862 0.0883678 0.978212 56.5716 -0.00629749 0.996032 -0.0887682 -3.95734 -0.982175 0.0105159 0.187673 57.2633
0.192328 0.0824286 0.977863 57.315 -0.00529409 0.996539 -0.0829617 -4.01239 -0.981316 0.0107789 0.192099 57.4068
0.195312 0.074985 0.977871 58.0624 -0.00771255 0.997159 -0.0749237 -4.06204 -0.980711 0.0070916 0.195335 57.5592
0.198412 0.0723024 0.977448 58.8015 -0.0108943 0.997376 -0.0715651 -4.1125 -0.980058 0.00355073 0.198679 57.7143
0.201595 0.0727088 0.976767 59.5249 -0.0125581 0.997351 -0.0716492 -4.15816 -0.979388 0.00217775 0.201974 57.8645
0.203705 0.0750232 0.976154 60.2376 -0.0145909 0.997182 -0.0735945 -4.20575 -0.978924 0.000748567 0.204225 58.0157
0.204977 0.0791439 0.975562 60.9381 -0.0188531 0.99686 -0.0769105 -4.25274 -0.978585 -0.00262741 0.205826 58.172
0.206949 0.0836002 0.974773 61.6291 -0.0203666 0.996495 -0.0811392 -4.30185 -0.97814 -0.00306108 0.207927 58.3246
0.208961 0.088761 0.973888 62.3065 -0.020927 0.99605 -0.0862907 -4.34352 -0.9777 -0.00234916 0.209993 58.4743
0.210554 0.0905869 0.973376 62.9803 -0.0204777 0.995888 -0.0882523 -4.3912 -0.977368 -0.00135056 0.211543 58.6231
0.211686 0.0902919 0.973158 63.6464 -0.0227191 0.995909 -0.0874608 -4.44246 -0.977074 -0.00359509 0.212871 58.7728
0.21234 0.0875299 0.973268 64.3055 -0.0227435 0.996153 -0.084626 -4.49732 -0.976931 -0.00416594 0.213514 58.9174
0.212801 0.0847115 0.973417 64.9566 -0.0227308 0.996394 -0.0817419 -4.54936 -0.976831 -0.00473174 0.213959 59.0606
0.212579 0.0837288 0.97355 65.5954 -0.0220003 0.99648 -0.0808969 -4.59389 -0.976896 -0.00422141 0.213673 59.1948
0.211035 0.0830207 0.973946 66.2244 -0.0219333 0.996538 -0.0801939 -4.64488 -0.977232 -0.00443815 0.212125 59.3284
0.209292 0.0837095 0.974263 66.8453 -0.0232123 0.996474 -0.0806313 -4.69679 -0.977578 -0.00573933 0.210497 59.4603
0.206886 0.0871491 0.974476 67.4688 -0.0242436 0.996176 -0.0839427 -4.75416 -0.978065 -0.00625825 0.208207 59.5954
0.204646 0.0906186 0.974632 68.0431 -0.0225179 0.995878 -0.0878658 -4.80685 -0.978577 -0.00396531 0.205843 59.7186
0.202913 0.0910334 0.974956 68.6475 -0.0201778 0.995846 -0.0887844 -4.8576 -0.978989 -0.00165702 0.203907 59.8433
0.20071 0.0900753 0.975501 69.2257 -0.0209363 0.995931 -0.0876542 -4.90645 -0.979427 -0.00283025 0.201779 59.9696
0.198085 0.0872897 0.97629 69.8054 -0.0212204 0.996175 -0.0847621 -4.95957 -0.979955 -0.00392719 0.199179 60.0869
0.196052 0.0828589 0.977086 70.3723 -0.0209619 0.99655 -0.0803035 -5.01554 -0.980369 -0.00473793 0.197112 60.2017
0.194212 0.0818658 0.977538 70.9229 -0.0179699 0.996641 -0.0798956 -5.06498 -0.980795 -0.00204958 0.195031 60.3102
0.192499 0.0838689 0.977707 71.4675 -0.0136667 0.996474 -0.082788 -5.11191 -0.981202 0.00257459 0.192966 60.4147
0.19014 0.0856305 0.978015 72.0085 -0.00984537 0.996305 -0.0853177 -5.15562 -0.981708 0.00659341 0.190281 60.5186
0.188481 0.088117 0.978116 72.5447 -0.0105638 0.996091 -0.0877007 -5.20164 -0.98202 0.00619724 0.188675 60.6237
0.187212 0.090458 0.978146 73.0799 -0.0107167 0.99588 -0.0900469 -5.25173 -0.982261 0.00637533 0.18741 60.7284
0.186051 0.0885472 0.978542 73.6227 -0.00900742 0.996043 -0.0884182 -5.29793 -0.982499 0.00763614 0.186112 60.832
0.186905 0.0867525 0.97854 74.1642 -0.00271831 0.996135 -0.0877932 -5.34342 -0.982374 0.013749 0.186419 60.9255
0.189497 0.085734 0.978131 74.709 0.00234075 0.996138 -0.0877659 -5.38699 -0.981879 0.0189209 0.188564 61.0188
0.191504 0.0846882 0.977831 75.2565 0.00471959 0.99618 -0.0872016 -5.43352 -0.98148 0.0213144 0.190373 61.1228
0.194924 0.0843313 0.977186 75.8079 0.00160775 0.996268 -0.0862988 -5.48153 -0.980817 0.0183927 0.194061 61.2373
0.200455 0.0848054 0.976026 76.3554 0.00105658 0.996227 -0.0867777 -5.52604 -0.979702 0.0184263 0.199609 61.3514
0.207303 0.0839305 0.97467 76.9134 0.00214091 0.996272 -0.086246 -5.57496 -0.978274 0.0199658 0.206351 61.4726
0.215576 0.0831999 0.972936 77.4891 0.00168745 0.99633 -0.0855744 -5.62283 -0.976486 0.0200896 0.214645 61.6063
0.223623 0.0824906 0.971179 78.0492 0.00120146 0.996388 -0.0849085 -5.66949 -0.974675 0.0201543 0.222716 61.7364
0.232498 0.0817462 0.969155 78.6129 -0.00262856 0.996511 -0.083423 -5.7196 -0.972593 0.0168482 0.231902 61.8764
0.242482 0.0817582 0.966705 79.2051 -0.00417772 0.996521 -0.083232 -5.7665 -0.970147 0.0161437 0.241981 62.0314
0.251896 0.084998 0.964014 79.7707 -0.00852104 0.996292 -0.0856173 -5.80832 -0.967717 0.0133523 0.251686 62.1917
0.26152 0.0879441 0.961183 80.373 -0.0122807 0.996063 -0.0877942 -5.84917 -0.96512 0.0111559 0.26157 62.3676
0.272258 0.0899077 0.958015 80.9678 -0.0164938 0.995915 -0.0887772 -5.89418 -0.962083 0.00836907 0.272629 62.5457
0.282536 0.0918356 0.954851 81.5738 -0.018351 0.995742 -0.0903385 -5.93961 -0.959081 0.00800139 0.283018 62.7311
0.292347 0.0925454 0.951824 82.1847 -0.0208832 0.995687 -0.090396 -5.9776 -0.956084 0.00654995 0.293019 62.9316
0.302686 0.0935156 0.948491 82.8137 -0.0223848 0.995598 -0.0910164 -6.02247 -0.952827 0.00631762 0.303447 63.1403
0.312951 0.0942843 0.945078 83.453 -0.0257131 0.995537 -0.0908037 -6.06463 -0.949421 0.00411617 0.313978 63.3602
0.323571 0.0890186 0.942007 84.112 -0.0254517 0.996023 -0.0853807 -6.10687 -0.945861 0.00365108 0.32455 63.5944
0.334439 0.0810992 0.938922 84.779 -0.0218077 0.99669 -0.0783211 -6.14552 -0.942165 0.00571794 0.3351 63.8332
0.345477 0.0768588 0.935275 85.456 -0.0203804 0.99702 -0.0744047 -6.19035 -0.938206 0.00664378 0.346013 64.0852
0.355542 0.0738696 0.931737 86.1413 -0.0202989 0.997247 -0.0713175 -6.22929 -0.93444 0.00644319 0.356063 64.352
0.364647 0.0697472 0.92853 86.8439 -0.0138342 0.997486 -0.069494 -6.24706 -0.931043 0.0124953 0.364696 64.6278
0.373884 0.0659801 0.925126 87.5477 -0.00756021 0.99765 -0.0680972 -6.26467 -0.927445 0.0184663 0.373504 64.9039
0.38096 0.0562434 0.922879 88.2735 0.00140668 0.998112 -0.0614089 -6.28489 -0.924591 0.0246925 0.380161 65.1952
0.388268 0.0521069 0.920072 88.9921 0.00782232 0.998178 -0.0598313 -6.32084 -0.921513 0.0304277 0.387153 65.492
0.395557 0.0523616 0.916947 89.7072 0.00911152 0.998101 -0.0609264 -6.36027 -0.918396 0.0324547 0.394329 65.8038
0.403195 0.0583815 0.91325 90.4168 0.0118419 0.997546 -0.0689985 -6.39677 -0.915037 0.0386345 0.401514 66.1127
0.410523 0.0629399 0.909676 91.132 0.0160834 0.99696 -0.0762373 -6.44455 -0.911709 0.0459278 0.408262 66.4356
0.415813 0.0643528 0.907171 91.8352 0.0134126 0.996951 -0.0768695 -6.49998 -0.909351 0.0441308 0.413682 66.7675
0.420233 0.0665578 0.904972 92.5219 0.0055743 0.997098 -0.0759219 -6.54153 -0.907399 0.0369495 0.418643 67.1132
0.424135 0.0699411 0.902894 93.2013 -0.000561513 0.997033 -0.0769697 -6.60047 -0.905599 0.0321385 0.422916 67.4582
0.428425 0.0732944 0.9006 93.8732 -0.00156256 0.996763 -0.0803773 -6.65825 -0.903576 0.0330284 0.427153 67.7929
0.432573 0.0776045 0.898253 94.5446 -0.00460995 0.996466 -0.0838696 -6.73144 -0.901587 0.0321388 0.431402 68.1335
0.435943 0.0804753 0.896369 95.1865 -0.00787708 0.996297 -0.0856157 -6.80256 -0.89994 0.0302628 0.434962 68.4629
0.439942 0.0787827 0.894564 95.838 -0.00905741 0.996483 -0.0833041 -6.87731 -0.897981 0.0285466 0.439108 68.7984
0.444234 0.0751606 0.892752 96.4935 -0.0079799 0.996767 -0.0799468 -6.945 -0.895875 0.028391 0.443398 69.1303
0.447579 0.0727919 0.891277 97.1161 -0.00842947 0.996981 -0.0771917 -7.01242 -0.894205 0.0270364 0.446841 69.4547
0.451189 0.0718918 0.889528 97.7548 -0.00976638 0.997088 -0.0756311 -7.08153 -0.892375 0.0254364 0.450577 69.7896
0.454509 0.0738973 0.887672 98.3438 -0.0113714 0.996953 -0.0771724 -7.14337 -0.89067 0.0249815 0.453964 70.1049
0.457288 0.0741845 0.886219 98.9414 -0.0104001 0.996893 -0.0780825 -7.20055 -0.889258 0.0264894 0.456639 70.4201
0.459405 0.0723413 0.885276 99.5357 -0.00836822 0.996986 -0.0771272 -7.25687 -0.888188 0.0280244 0.458625 70.7322
0.461151 0.0713461 0.884449 100.12 -0.00638155 0.997003 -0.0770982 -7.31465 -0.887299 0.0299098 0.460225 71.0407
0.462948 0.0711541 0.883525 100.694 -0.00780056 0.997061 -0.0762104 -7.36983 -0.886351 0.0283894 0.462142 71.3511
0.464957 0.070792 0.882499 101.26 -0.00661704 0.997048 -0.0764946 -7.42497 -0.885309 0.0297272 0.464053 71.6594
0.467584 0.0729519 0.880933 101.812 -0.00693069 0.996861 -0.0788734 -7.48307 -0.883921 0.0307745 0.466622 71.9637
0.470687 0.0723116 0.879332 102.35 -0.00459535 0.996823 -0.0795137 -7.54113 -0.882288 0.0333853 0.469524 72.2613
0.473789 0.0716116 0.877722 102.888 -0.00224213 0.996783 -0.0801153 -7.59877 -0.880635 0.0359898 0.472426 72.5585
0.477029 0.0699182 0.876102 103.416 0.000584107 0.996805 -0.0798691 -7.64844 -0.878887 0.0386116 0.475464 72.852
0.480468 0.0689834 0.874295 103.941 0.00207447 0.996809 -0.07979 -7.68975 -0.87701 0.0401502 0.478792 73.1418
0.483658 0.0685792 0.872566 104.455 0.00302118 0.996789 -0.0800171 -7.73081 -0.875252 0.0413371 0.481898 73.4289
0.487063 0.0678824 0.870725 104.964 0.00372455 0.996804 -0.079795 -7.77188 -0.873359 0.0421083 0.485254 73.7163
0.490506 0.0673685 0.86883 105.467 0.0053925 0.996754 -0.080332 -7.81208 -0.871421 0.0440885 0.488551 74.0012
0.49439 0.0686733 0.866523 105.967 0.00500038 0.996633 -0.0818377 -7.85179 -0.869226 0.0447927 0.492382 74.2899
0.498731 0.0688177 0.86402 106.467 0.00699536 0.996491 -0.0834067 -7.8935 -0.866728 0.0476417 0.4965 74.5799
0.503465 0.0722715 0.860988 106.962 0.00462575 0.996256 -0.0863308 -7.94661 -0.864003 0.0474472 0.501245 74.872
0.508905 0.0781143 0.857271 107.442 0.00133496 0.995802 -0.0915296 -8.00066 -0.860822 0.0477242 0.506664 75.1645
0.514691 0.0851388 0.853138 107.93 -0.0040685 0.995289 -0.0968702 -8.05612 -0.857366 0.0463873 0.512613 75.4686
0.520729 0.0913235 0.848824 108.409 -0.00907493 0.994798 -0.101461 -8.10888 -0.853674 0.0451309 0.518849 75.773
0.52713 0.0957068 0.844378 108.894 -0.0120916 0.994382 -0.105161 -8.16303 -0.849699 0.0452234 0.525326 76.0825
0.532487 0.0959449 0.840983 109.384 -0.0166819 0.994552 -0.102903 -8.21752 -0.846274 0.0407651 0.531186 76.4036
0.537799 0.0947614 0.837731 109.885 -0.0231228 0.994947 -0.0977011 -8.27985 -0.842756 0.0331729 0.537272 76.7337
0.543546 0.0923799 0.83428 110.395 -0.0292249 0.995405 -0.0911808 -8.33468 -0.838871 0.0251792 0.543748 77.0693
0.549268 0.0902595 0.830757 110.911 -0.0354701 0.995772 -0.0847363 -8.38757 -0.834893 0.0170759 0.550147 77.4169
0.555394 0.0885069 0.826864 111.435 -0.038138 0.995985 -0.0809926 -8.43525 -0.830712 0.0134479 0.55654 77.7665
0.561808 0.0921363 0.822121 111.953 -0.0426687 0.995683 -0.0824294 -8.4813 -0.826166 0.0112307 0.563314 78.1239
0.567745 0.0960474 0.817582 112.48 -0.046411 0.995325 -0.0846994 -8.52717 -0.821895 0.0101429 0.569549 78.4956
0.573845 0.0994127 0.812908 113.012 -0.0491424 0.994996 -0.0869904 -8.57356 -0.817488 0.00997083 0.575859 78.8775
0.580156 0.101301 0.808182 113.564 -0.0511631 0.994809 -0.0879664 -8.61695 -0.812897 0.00968508 0.582327 79.2698
0.586399 0.102244 0.803544 114.124 -0.0544009 0.994733 -0.086871 -8.66304 -0.808194 0.00722752 0.588872 79.6778
0.592519 0.104207 0.798788 114.688 -0.0603208 0.994553 -0.0850021 -8.71344 -0.803295 0.00218186 0.595578 80.1018
0.599679 0.101945 0.79372 115.261 -0.0606982 0.99479 -0.0819114 -8.77019 -0.797935 0.000943143 0.602743 80.5387
0.60723 0.100015 0.788206 115.841 -0.0606655 0.994986 -0.0795172 -8.82451 -0.792207 0.000468306 0.610252 80.9846
0.614741 0.100163 0.782343 116.423 -0.0615569 0.994971 -0.0790156 -8.86621 -0.786323 0.000415489 0.617815 81.4453
0.622187 0.102584 0.776119 117.001 -0.0664564 0.99472 -0.0782023 -8.91227 -0.780043 -0.00292163 0.625719 81.9215
0.630019 0.103107 0.769705 117.591 -0.0668337 0.994668 -0.0785372 -8.95363 -0.773699 -0.00196236 0.633551 82.4097
0.636752 0.103903 0.764036 118.189 -0.0685327 0.994584 -0.0781397 -8.99844 -0.768017 -0.00260584 0.640425 82.912
0.641943 0.102544 0.759865 118.797 -0.0684742 0.994724 -0.0763908 -9.03962 -0.763689 -0.00299262 0.645577 83.425
0.645644 0.101093 0.756917 119.412 -0.067642 0.994873 -0.0751767 -9.08537 -0.760637 -0.00266203 0.649172 83.9472
0.649482 0.0984314 0.753979 120.052 -0.0637476 0.995144 -0.0750027 -9.12333 -0.7577 0.000648562 0.652603 84.487
0.652986 0.0948198 0.751411 120.669 -0.058354 0.995482 -0.0749085 -9.16522 -0.755119 0.00506638 0.655569 85.008
0.656973 0.0879753 0.748763 121.32 -0.0505972 0.996074 -0.0726382 -9.21009 -0.752214 0.00983601 0.658845 85.5581
0.660644 0.0823264 0.746172 121.971 -0.0449603 0.996523 -0.0701414 -9.25297 -0.749352 0.0127904 0.662048 86.1183
0.664229 0.076632 0.743591 122.615 -0.039286 0.996935 -0.0676477 -9.29538 -0.746496 0.0157209 0.665204 86.6728
0.667537 0.0755038 0.740739 123.262 -0.0390674 0.997027 -0.0664206 -9.33883 -0.743551 0.0153995 0.668502 87.2472
0.670563 0.0771606 0.737829 123.903 -0.0398649 0.996887 -0.0680219 -9.38358 -0.740781 0.0161995 0.671552 87.825
0.673798 0.0817108 0.734384 124.559 -0.0456772 0.996572 -0.0689742 -9.42871 -0.737503 0.0129301 0.67522 88.4319
0.676381 0.0851214 0.731617 125.193 -0.0511411 0.99633 -0.0686399 -9.47381 -0.734774 0.00901105 0.678252 89.0262
0.679292 0.0818993 0.729284 125.844 -0.0521061 0.996628 -0.0633881 -9.52006 -0.732016 0.00505888 0.681269 89.6337
0.68277 0.0790505 0.726344 126.499 -0.0547475 0.99687 -0.0570297 -9.561 -0.728579 -0.000827387 0.684961 90.2517
0.686269 0.0737955 0.723594 127.154 -0.0543724 0.997261 -0.0501376 -9.60091 -0.725312 -0.0049357 0.688402 90.873
0.690928 0.0694835 0.719577 127.805 -0.0516021 0.997571 -0.0467796 -9.63965 -0.72108 -0.00481034 0.692836 91.4955
0.695688 0.066752 0.715236 128.458 -0.0459955 0.997769 -0.048382 -9.67793 -0.71687 0.000761086 0.697206 92.1193
0.701197 0.0637366 0.710113 129.1 -0.0352042 0.997876 -0.0548029 -9.724 -0.712098 0.0134287 0.701951 92.7436
0.706693 0.0655204 0.70448 129.754 -0.0293914 0.997562 -0.0632949 -9.77424 -0.706909 0.0240244 0.706896 93.3873
0.712372 0.0655167 0.698737 130.381 -0.0267281 0.997443 -0.0662751 -9.82482 -0.701293 0.0285365 0.712302 94.0264
0.718182 0.0615214 0.693131 131.022 -0.0241811 0.997689 -0.0634986 -9.88045 -0.695435 0.0288429 0.71801 94.6866
0.72418 0.0551229 0.687405 131.664 -0.0195817 0.998042 -0.0594035 -9.93347 -0.689333 0.0295582 0.723841 95.355
0.729552 0.0527636 0.681887 132.298 -0.0153398 0.998031 -0.0608144 -9.97934 -0.683753 0.0339072 0.728925 96.0277
0.73417 0.0539667 0.676818 132.929 -0.0128889 0.997764 -0.0655766 -10.0232 -0.678844 0.0394209 0.733224 96.7062
0.737796 0.0566304 0.672644 133.554 -0.0139435 0.997541 -0.0686895 -10.0716 -0.67488 0.0412998 0.736771 97.3925
0.740979 0.0526181 0.669463 134.187 -0.011552 0.997777 -0.0656366 -10.1239 -0.671428 0.0409017 0.73994 98.0856
0.743422 0.0474494 0.667138 134.821 -0.00830965 0.998059 -0.061726 -10.1759 -0.668771 0.0403448 0.742373 98.7791
0.744837 0.043449 0.665831 135.467 -0.00517208 0.998224 -0.0593536 -10.2283 -0.667227 0.040765 0.743738 99.488
0.745433 0.0390444 0.665436 136.086 -0.00175082 0.998394 -0.0566194 -10.2735 -0.666578 0.0410409 0.744304 100.172
0.745701 0.0380963 0.665191 136.717 -0.00185339 0.998479 -0.0551065 -10.3198 -0.666278 0.0398601 0.744637 100.873
0.745526 0.0383163 0.665375 137.347 -0.00306391 0.998533 -0.0540685 -10.3649 -0.66647 0.0382708 0.744549 101.576
0.745 0.0406503 0.665825 137.982 -0.00472073 0.998438 -0.0556751 -10.4117 -0.667048 0.0383348 0.744028 102.282
0.743615 0.0448922 0.667099 138.629 -0.00857308 0.998302 -0.057624 -10.4576 -0.668553 0.037131 0.742737 102.998
0.741706 0.0483112 0.668983 139.25 -0.0120356 0.998201 -0.058742 -10.5014 -0.670618 0.0355177 0.740953 103.681
0.739674 0.0513862 0.671 139.88 -0.0164592 0.998164 -0.0582972 -10.5477 -0.672764 0.0320768 0.739162 104.373
0.737249 0.0523041 0.673594 140.526 -0.0183661 0.998182 -0.0574065 -10.5933 -0.675372 0.0299516 0.736869 105.073
0.734913 0.0522737 0.676144 141.166 -0.0191784 0.998228 -0.0563292 -10.6411 -0.67789 0.0284297 0.734613 105.759
0.732445 0.0509168 0.67892 141.803 -0.0203814 0.998392 -0.0528879 -10.6841 -0.680521 0.0249001 0.732305 106.437
0.729821 0.0471921 0.682007 142.448 -0.0166699 0.998546 -0.0512567 -10.7284 -0.683435 0.0260393 0.729547 107.11
0.726893 0.0513537 0.684828 143.083 -0.0176516 0.998268 -0.056122 -10.7753 -0.686524 0.0287064 0.72654 107.771
0.723379 0.0621403 0.687649 143.712 -0.0225093 0.997535 -0.0664647 -10.8231 -0.690084 0.0326007 0.722995 108.431
0.720013 0.0673795 0.690682 144.351 -0.0246332 0.997129 -0.0715958 -10.8717 -0.693523 0.0345362 0.719606 109.092
0.716288 0.0656145 0.694713 145.004 -0.027475 0.997449 -0.0658791 -10.9272 -0.697264 0.0281011 0.716264 109.759
0.712666 0.0638542 0.698591 145.64 -0.030221 0.997719 -0.0603659 -10.981 -0.700852 0.0219086 0.71297 110.406
0.709101 0.0634576 0.702245 146.297 -0.031734 0.997805 -0.0581217 -11.0327 -0.704392 0.0189291 0.709559 111.066
0.705865 0.0631143 0.705529 146.93 -0.0313846 0.997831 -0.0578632 -11.0787 -0.70765 0.0187009 0.706315 111.691
0.702847 0.0616109 0.708668 147.58 -0.0293179 0.997905 -0.0576797 -11.125 -0.710737 0.0197633 0.70318 112.322
0.699999 0.0604412 0.711582 148.242 -0.0254975 0.997892 -0.0596777 -11.1738 -0.713689 0.0236308 0.700064 112.955
0.696603 0.060211 0.714926 148.897 -0.0220463 0.997798 -0.0625532 -11.2215 -0.717118 0.0278132 0.696397 113.567
0.692725 0.0604414 0.718665 149.551 -0.0192466 0.997676 -0.0653551 -11.267 -0.720945 0.0314413 0.692279 114.161
0.688733 0.0611863 0.722428 150.22 -0.0193393 0.997628 -0.0660571 -11.3083 -0.724757 0.0315245 0.688283 114.758
0.684536 0.0627196 0.726276 150.89 -0.0212697 0.997586 -0.0661021 -11.3531 -0.728669 0.0298015 0.684217 115.358
0.679379 0.0625807 0.731114 151.569 -0.02109 0.99761 -0.0657941 -11.3984 -0.733484 0.02928 0.679076 115.956
0.67373 0.0655593 0.736063 152.245 -0.0233029 0.997446 -0.0675105 -11.4433 -0.73861 0.0283315 0.673538 116.545
0.66734 0.0721939 0.741246 152.926 -0.0278935 0.997015 -0.0719923 -11.4932 -0.744231 0.0273674 0.667361 117.14
0.661097 0.0783632 0.746197 153.613 -0.0299116 0.996493 -0.0781481 -11.5445 -0.749704 0.0293434 0.661122 117.725
0.654639 0.0800408 0.751692 154.317 -0.0297002 0.996334 -0.080225 -11.6005 -0.755358 0.030193 0.654617 118.316
0.648134 0.0753381 0.75779 155.026 -0.0309405 0.996878 -0.0726444 -11.6581 -0.760897 0.0236369 0.648442 118.894
0.640954 0.0710888 0.76428 155.749 -0.0370526 0.997407 -0.0616991 -11.7211 -0.766684 0.0112278 0.641926 119.482
0.633644 0.065799 0.770822 156.481 -0.0362937 0.997808 -0.0553403 -11.7796 -0.772773 0.00709009 0.634643 120.055
0.626389 0.0681497 0.776526 157.218 -0.0408038 0.997672 -0.0546434 -11.8265 -0.778442 0.00254279 0.627711 120.631
0.618443 0.0691652 0.78278 157.968 -0.0389505 0.997593 -0.0573724 -11.8729 -0.784863 0.0049919 0.619649 121.202
0.612095 0.0698674 0.787692 158.739 -0.0336157 0.997488 -0.0623542 -11.9278 -0.790069 0.0116879 0.612906 121.767
0.60507 0.0774147 0.7924 159.478 -0.0329489 0.996844 -0.0722287 -11.9806 -0.79549 0.0175948 0.605711 122.308
0.597627 0.0785509 0.797917 160.232 -0.0283216 0.996636 -0.0769013 -12.0405 -0.801274 0.02336 0.597842 122.847
0.590435 0.0741871 0.803668 161.025 -0.0257695 0.996992 -0.0731006 -12.113 -0.806674 0.0224511 0.590571 123.403
0.583535 0.0681457 0.809223 161.794 -0.0216213 0.997423 -0.068403 -12.1845 -0.8118 0.0224191 0.583505 123.924
0.576995 0.0677197 0.813936 162.558 -0.0202324 0.997436 -0.0686443 -12.2493 -0.816497 0.0231396 0.576885 124.433
0.570378 0.0673065 0.81862 163.327 -0.0188342 0.997447 -0.0688866 -12.3144 -0.821167 0.0238733 0.570189 124.946
0.563723 0.0668603 0.823253 164.097 -0.0174024 0.997459 -0.0690921 -12.3796 -0.825781 0.0246222 0.563454 125.459
0.558663 0.0612401 0.827131 164.869 -0.0128681 0.99779 -0.0651841 -12.4439 -0.829295 0.0257724 0.558217 125.951
0.553679 0.0579792 0.830709 165.627 -0.0122976 0.998034 -0.0614611 -12.5019 -0.832639 0.023814 0.553304 126.44
0.549237 0.0572442 0.833704 166.379 -0.0137382 0.998135 -0.0594838 -12.5559 -0.835554 0.0212171 0.548999 126.927
0.544637 0.0602011 0.836508 167.116 -0.0142578 0.997941 -0.062536 -12.6136 -0.838551 0.0221327 0.544374 127.403
0.540813 0.0637759 0.838722 167.871 -0.0135261 0.997652 -0.0671391 -12.6755 -0.841034 0.024965 0.540405 127.88
0.537838 0.0687822 0.840238 168.588 -0.013516 0.997242 -0.072983 -12.7331 -0.84294 0.0278964 0.537284 128.333
0.534311 0.0713372 0.842273 169.299 -0.0163415 0.997118 -0.0740855 -12.7909 -0.84513 0.0258207 0.533937 128.784
