1 0 0 0 0 1 0 0 0 0 1 0
0.999997 0.00238915 -0.000697464 -0.00315185 -0.00238857 0.999997 0.000816977 -0.00483637 0.000699429 -0.000815296 0.999999 -0.966674
0.999993 0.00348442 -0.000988361 0.00561732 -0.00348762 0.999989 -0.00325934 0.00523925 0.000977008 0.00326276 0.999994 -1.93339
0.999982 0.00596772 -0.000508528 0.00159237 -0.00597272 0.999927 -0.0104811 0.0414196 0.000445929 0.0104839 0.999945 -2.7593
0.999951 0.00984372 0.0007319 -0.00867164 -0.00983534 0.999895 -0.0106843 0.0507999 -0.000836978 0.0106766 0.999943 -3.78722
0.99992 0.012533 0.00147413 -0.0116219 -0.0125209 0.99989 -0.0079102 0.0395583 -0.00157313 0.0078911 0.999968 -4.80049
0.999911 0.0131342 0.00248034 -0.0179827 -0.0131233 0.999904 -0.00438272 0.0119469 -0.00253768 0.00434977 0.999987 -5.68599
0.999915 0.0127102 0.00283956 -0.0126758 -0.0126976 0.99991 -0.00439457 0.024811 -0.00289517 0.00435813 0.999986 -6.49447
0.999914 0.0124941 0.00404287 -0.0181635 -0.0124685 0.999903 -0.00627754 0.0457608 -0.00412092 0.00622657 0.999972 -7.44722
0.999916 0.0122833 0.0041864 -0.00807462 -0.0122471 0.999888 -0.00857191 0.0669224 -0.0042912 0.00851993 0.999955 -8.45477
0.999913 0.0122877 0.00486532 -0.00860021 -0.0122388 0.999876 -0.00995467 0.0948419 -0.00498701 0.00989427 0.999939 -9.46403
0.999886 0.0138371 0.0059695 -0.0270769 -0.0137739 0.99985 -0.0104938 0.10456 -0.00611383 0.0104104 0.999927 -10.3128
0.999877 0.0141059 0.00684863 -0.036615 -0.0140319 0.999844 -0.0107343 0.11823 -0.00699899 0.0106368 0.999919 -11.342
0.999865 0.0146257 0.00746406 -0.0413145 -0.0145557 0.99985 -0.00935152 0.104 -0.00759972 0.00924161 0.999928 -12.2542
0.999855 0.0145281 0.00892266 -0.0499034 -0.0144645 0.99987 -0.0071564 0.0763255 -0.00902545 0.00702632 0.999935 -13.1527
0.999803 0.0168209 0.0105811 -0.0690109 -0.0167603 0.999843 -0.00579309 0.0573492 -0.0106769 0.0056146 0.999927 -14.0408
0.999791 0.0159126 0.0128668 -0.0993549 -0.0158475 0.999861 -0.00514575 0.0550689 -0.0129469 0.00494074 0.999904 -14.9478
0.999793 0.0146407 0.0141087 -0.111805 -0.0145798 0.999884 -0.00440631 0.0453932 -0.0141716 0.00419967 0.999891 -15.6857
0.999785 0.0138041 0.0154534 -0.134028 -0.0137311 0.999894 -0.00481528 0.0634962 -0.0155183 0.00460206 0.999869 -16.6379
0.999764 0.013773 0.0168242 -0.156516 -0.0136846 0.999892 -0.00536122 0.0729937 -0.0168963 0.00512972 0.999844 -17.4881
0.99974 0.0135377 0.0183393 -0.1848 -0.0134114 0.999886 -0.00698887 0.117404 -0.0184319 0.00674108 0.999807 -18.4223
0.999722 0.0133226 0.0194649 -0.20465 -0.0131686 0.999881 -0.0080154 0.145972 -0.0195694 0.00775683 0.999778 -19.2143
0.999677 0.0144213 0.020924 -0.229191 -0.0142517 0.999865 -0.00823486 0.158567 -0.0210399 0.00793402 0.999747 -20.108
0.99966 0.0137433 0.0221397 -0.263664 -0.0135834 0.999881 -0.00736019 0.141507 -0.0222382 0.00705697 0.999728 -21.0575
0.999633 0.0139042 0.0232589 -0.276994 -0.0137451 0.999881 -0.00698596 0.13264 -0.0233532 0.00666369 0.999705 -22.1495
0.999616 0.013755 0.0240735 -0.29371 -0.0135493 0.99987 -0.0086895 0.188228 -0.02419 0.00835996 0.999672 -22.8657
0.999581 0.0151047 0.0247096 -0.305796 -0.0148203 0.999822 -0.0116513 0.267127 -0.0248812 0.0112803 0.999627 -23.6776
0.999552 0.0155742 0.0255485 -0.329171 -0.0152475 0.9998 -0.0129305 0.302094 -0.0257448 0.0125351 0.99959 -24.4577
0.999552 0.0149558 0.0259361 -0.333222 -0.0146566 0.999824 -0.0116875 0.279268 -0.0261064 0.0113021 0.999595 -25.2277
0.999547 0.013357 0.0269857 -0.353826 -0.0131089 0.99987 -0.00934885 0.224347 -0.0271071 0.00899084 0.999592 -26.0677
0.999538 0.0127294 0.0276123 -0.368622 -0.0125208 0.999892 -0.0077179 0.17718 -0.0277076 0.00736862 0.999589 -27.0124
0.999525 0.0115449 0.0285698 -0.393061 -0.0113515 0.999912 -0.00692332 0.156511 -0.0286472 0.00659574 0.999568 -27.8273
0.999497 0.01143 0.0295935 -0.414071 -0.0112337 0.999914 -0.00679051 0.165454 -0.0296686 0.00645463 0.999539 -28.6076
0.999425 0.011252 0.032001 -0.487356 -0.0110651 0.999921 -0.00601454 0.14127 -0.0320661 0.00565699 0.99947 -29.3264
0.999368 0.0119514 0.033489 -0.518117 -0.0117494 0.999912 -0.00622078 0.157358 -0.0335604 0.00582336 0.99942 -30.0658
0.99931 0.0120402 0.0351415 -0.564771 -0.0117752 0.999901 -0.00774065 0.210515 -0.0352312 0.00732152 0.999352 -30.9699
0.999241 0.0122192 0.0369752 -0.631098 -0.0118666 0.999882 -0.00974093 0.274734 -0.0370899 0.00929478 0.999269 -31.68
0.999163 0.0112365 0.0393445 -0.701777 -0.0108093 0.99988 -0.0110538 0.336029 -0.039464 0.0106192 0.999165 -32.5374
0.999102 0.00990592 0.0412002 -0.785305 -0.00946878 0.999897 -0.0107914 0.335183 -0.0413028 0.0103916 0.999093 -33.1812
0.99904 0.00788772 0.043083 -0.83346 -0.0074588 0.999921 -0.0101073 0.31861 -0.0431593 0.00977623 0.99902 -33.9988
0.998983 0.00539113 0.0447619 -0.919446 -0.0049785 0.999944 -0.00932467 0.281314 -0.0448096 0.00909234 0.998954 -34.7526
0.99893 0.00529899 0.0459437 -0.959988 -0.00483177 0.999936 -0.0102747 0.315764 -0.0459952 0.0100417 0.998891 -35.3636
0.9989 0.00394438 0.0467266 -0.966954 -0.00338473 0.999922 -0.0120499 0.397212 -0.0467705 0.0118785 0.998835 -36.045
0.998906 0.00174387 0.0467358 -0.961186 -0.00116355 0.999922 -0.0124416 0.418004 -0.0467538 0.0123736 0.99883 -36.7392
0.998955 -0.00156661 0.0456809 -0.910776 0.00200998 0.999951 -0.00966128 0.318409 -0.0456635 0.009743 0.998909 -37.3046
0.999034 -0.00343226 0.0438198 -0.841996 0.00371815 0.999972 -0.00644444 0.2154 -0.0437965 0.00660114 0.999019 -37.9214
0.999094 -0.00373486 0.0424048 -0.800168 0.00392481 0.999983 -0.00439733 0.124091 -0.0423876 0.00455977 0.999091 -38.5447
0.999215 -0.0044477 0.039368 -0.680121 0.0046767 0.999973 -0.00572672 0.181527 -0.0393415 0.00590634 0.999208 -39.2189
0.999285 -0.010146 0.0364099 -0.537728 0.0104244 0.999918 -0.00746669 0.306573 -0.0363311 0.0078409 0.999309 -39.7846
0.999368 -0.0145926 0.032417 -0.328888 0.014972 0.999822 -0.0114932 0.453567 -0.0322436 0.0119713 0.999408 -40.4839
0.999393 -0.0205388 0.028152 -0.156217 0.02089 0.999707 -0.0122405 0.508168 -0.0278923 0.0128212 0.999529 -41.0906
0.999458 -0.0234921 0.0230565 0.078916 0.0237842 0.999639 -0.0124758 0.520833 -0.0227551 0.0130175 0.999656 -41.5651
0.999466 -0.0273912 0.0178235 0.363764 0.0276415 0.999521 -0.0139512 0.598163 -0.0174328 0.0144365 0.999744 -42.1435
0.999422 -0.0323086 0.0105611 0.645224 0.0324695 0.999354 -0.0154367 0.693727 -0.0100555 0.0157707 0.999825 -42.6595
0.999341 -0.0360093 0.00464364 0.885431 0.0360773 0.999229 -0.0154908 0.707998 -0.00408225 0.0156482 0.999869 -43.1843
0.999206 -0.0397222 -0.00301457 1.21616 0.0396696 0.999087 -0.0158769 0.735716 0.00364246 0.0157447 0.999869 -43.6787
0.99898 -0.044023 -0.0100336 1.5324 0.043861 0.998912 -0.0158297 0.739413 0.0107196 0.0153735 0.999824 -44.0907
0.998698 -0.0475243 -0.0185261 1.88041 0.0472791 0.998791 -0.0134579 0.594906 0.0191433 0.0125644 0.999738 -44.4315
0.998411 -0.0499044 -0.0261884 2.24642 0.0496377 0.99871 -0.0107375 0.454011 0.0266905 0.00942048 0.999599 -44.9367
0.998125 -0.0505412 -0.0345301 2.57949 0.0501851 0.998678 -0.0111021 0.472296 0.0350456 0.00934842 0.999342 -45.4118
0.997834 -0.0497509 -0.0430316 2.90846 0.0492425 0.998705 -0.0127959 0.553309 0.0436125 0.0106492 0.998992 -45.6438
0.997282 -0.0518301 -0.0523661 3.30693 0.051157 0.998591 -0.0141134 0.620613 0.0530238 0.0113961 0.998528 -46.0936
0.996628 -0.0552203 -0.0606873 3.7044 0.0544005 0.998405 -0.0150795 0.680739 0.0614232 0.0117273 0.998043 -46.3814
0.995815 -0.0597379 -0.0691719 4.04408 0.0588372 0.998155 -0.0149891 0.666198 0.0699397 0.0108565 0.997492 -46.715
0.994881 -0.0630539 -0.0789632 4.44022 0.0619707 0.997948 -0.0160963 0.723741 0.0798161 0.0111205 0.996748 -47.0797
0.994201 -0.0624415 -0.087553 4.89344 0.0611466 0.997977 -0.0173974 0.793685 0.0884622 0.0119429 0.996008 -47.2539
0.993106 -0.0610872 -0.100045 5.28917 0.05978 0.998083 -0.016015 0.732832 0.100832 0.00992391 0.994854 -47.5197
0.992019 -0.0591343 -0.111364 5.79192 0.0581673 0.998236 -0.0119153 0.498856 0.111873 0.00534242 0.993708 -47.7161
0.990261 -0.0601215 -0.125571 6.41614 0.0594828 0.99819 -0.00883341 0.361009 0.125875 0.00127807 0.992045 -47.7929
0.988241 -0.0615871 -0.139953 7.18476 0.0610563 0.998102 -0.008087 0.308465 0.140185 -0.000553123 0.990125 -48.0121
0.985824 -0.0633241 -0.155374 7.92196 0.0628618 0.997991 -0.00789223 0.296524 0.155562 -0.00198676 0.987824 -48.2619
0.983013 -0.0637781 -0.172097 8.74655 0.0633908 0.997959 -0.00775118 0.293397 0.17224 -0.00328986 0.98505 -48.3447
0.98003 -0.0626064 -0.188737 9.56652 0.0623679 0.998027 -0.00720843 0.258174 0.188816 -0.00470667 0.982001 -48.3755
0.975899 -0.062047 -0.209216 10.6253 0.0617067 0.998061 -0.00815978 0.307415 0.209317 -0.0049469 0.977835 -48.4724
0.971201 -0.0616922 -0.230138 11.7445 0.0614164 0.998077 -0.00836864 0.31857 0.230212 -0.00600661 0.973122 -48.4304
0.965646 -0.0638895 -0.251885 12.7142 0.063959 0.997921 -0.00791994 0.294556 0.251868 -0.00846247 0.967725 -48.4518
0.958107 -0.0650191 -0.278934 13.9922 0.0652829 0.997832 -0.00835355 0.304791 0.278872 -0.010206 0.960274 -48.342
0.951384 -0.0664281 -0.300759 15.0546 0.0667633 0.997727 -0.00917543 0.349379 0.300685 -0.0113503 0.953656 -48.2606
0.943299 -0.0683804 -0.324825 16.4615 0.0685789 0.997587 -0.0108518 0.45381 0.324783 -0.0120396 0.945712 -47.9971
0.933331 -0.0706446 -0.351998 17.9003 0.0707478 0.997415 -0.0125876 0.549814 0.351977 -0.0131547 0.935916 -47.8319
0.92375 -0.0711533 -0.376329 19.2704 0.0714785 0.997356 -0.0131186 0.595095 0.376267 -0.0147811 0.926393 -47.5574
0.911658 -0.0683095 -0.405234 20.7867 0.069424 0.997515 -0.0119655 0.5531 0.405044 -0.0172245 0.914135 -47.2022
0.896986 -0.0645376 -0.437323 22.3957 0.06672 0.997718 -0.0103891 0.413498 0.436996 -0.0198593 0.899244 -46.7087
0.880329 -0.0621062 -0.470281 24.0111 0.0663526 0.997768 -0.00756036 0.313178 0.4697 -0.0245487 0.882485 -46.0784
0.86476 -0.0611878 -0.498444 25.9034 0.0679139 0.99768 -0.0046478 0.21991 0.497572 -0.0298321 0.866909 -45.3451
0.841376 -0.0604937 -0.537053 28.1135 0.0690731 0.997603 -0.00415655 0.142871 0.536017 -0.0335987 0.843538 -44.4683
0.811904 -0.0616965 -0.580522 30.1783 0.072005 0.99739 -0.00529594 0.163643 0.579334 -0.0375007 0.814227 -43.3969
0.779974 -0.0644588 -0.622483 31.9742 0.0754417 0.997112 -0.00872327 0.285526 0.621248 -0.0401572 0.782584 -42.4486
0.757629 -0.0684578 -0.649085 33.7556 0.0802545 0.996709 -0.011446 0.469466 0.647733 -0.0434202 0.760629 -41.2488
0.728691 -0.0676521 -0.681493 35.9667 0.0812657 0.99662 -0.012041 0.585014 0.680004 -0.0466078 0.731726 -39.6534
0.691413 -0.0638115 -0.719636 38.0317 0.0786341 0.996821 -0.0128398 0.664997 0.718168 -0.0477104 0.694232 -38.0637
0.655308 -0.0602485 -0.752955 39.9293 0.0770787 0.996944 -0.0126888 0.727571 0.751419 -0.0497218 0.657949 -36.4224
0.618996 -0.0581698 -0.783237 41.9923 0.0764945 0.996977 -0.01359 0.811089 0.78166 -0.0515012 0.621575 -34.6389
0.572313 -0.055324 -0.818167 43.9295 0.0770405 0.996936 -0.013522 0.755085 0.816408 -0.0552931 0.574822 -32.7308
0.520113 -0.0520624 -0.852509 45.9228 0.0756594 0.997025 -0.0147284 0.812429 0.85074 -0.0568399 0.522504 -30.4084
0.471419 -0.0497858 -0.880503 47.149 0.0738562 0.997127 -0.0168376 0.880186 0.878812 -0.0570931 0.473741 -28.9566
0.423945 -0.049138 -0.904354 48.6731 0.0715453 0.997224 -0.0206449 1.08579 0.902858 -0.05595 0.426283 -26.7281
0.371379 -0.052012 -0.927023 50.2551 0.0714102 0.997072 -0.0273342 1.50461 0.925731 -0.0560476 0.374006 -24.1586
0.318683 -0.0501021 -0.946536 51.5337 0.072229 0.996982 -0.028454 1.55143 0.945105 -0.0592996 0.32134 -21.8612
0.270637 -0.0374757 -0.961952 52.6127 0.069281 0.997409 -0.0193655 1.19658 0.960185 -0.061404 0.272532 -19.625
0.230497 -0.0225984 -0.972811 53.4659 0.0632906 0.997962 -0.00818667 0.606283 0.971013 -0.0596827 0.231457 -17.8721
0.192705 -0.0136209 -0.981162 54.192 0.0623613 0.998052 -0.00160738 0.241601 0.979273 -0.0608768 0.193179 -16.2456
0.156312 -0.0107 -0.98765 54.8338 0.0638537 0.997959 -0.000705723 0.17513 0.985642 -0.0629548 0.156676 -14.4248
0.124043 -0.00206955 -0.992275 55.2711 0.0643712 0.997908 0.00596563 -0.167608 0.990187 -0.0646139 0.123916 -13.059
0.0978694 0.00488884 -0.995187 55.6947 0.0634078 0.997926 0.011138 -0.484447 0.993177 -0.0641927 0.0973563 -11.9126
0.0713658 0.0121206 -0.997377 56.0183 0.0619107 0.997944 0.0165575 -0.739951 0.995527 -0.0629299 0.0704687 -10.9453
0.0500454 0.0177099 -0.99859 56.2301 0.061355 0.9979 0.0207725 -0.945818 0.996861 -0.0623081 0.0488537 -10.4456
0.0359852 0.0209298 -0.999133 56.3401 0.0635792 0.997707 0.0231899 -1.14785 0.997328 -0.0643586 0.034572 -10.1161
0.0220316 0.0209316 -0.999538 56.5555 0.0631548 0.997755 0.0222863 -1.09272 0.99776 -0.0636167 0.0206603 -9.8999
0.00912351 0.0221587 -0.999713 56.6579 0.0644599 0.997662 0.0227015 -1.12202 0.997879 -0.0646486 0.00767384 -9.79753
-0.000184783 0.0272068 -0.99963 56.7359 0.0676305 0.997341 0.027132 -1.38893 0.99771 -0.0676005 -0.0020243 -9.91995
-0.00650757 0.0312191 -0.999491 56.7284 0.0695035 0.997109 0.0306921 -1.64199 0.99756 -0.0692684 -0.00865859 -10.2246
-0.0128004 0.0311353 -0.999433 56.8149 0.0690553 0.997156 0.0301799 -1.62238 0.997531 -0.0686299 -0.014914 -10.6127
-0.0159132 0.0289787 -0.999453 56.9171 0.0660892 0.997424 0.0278676 -1.46381 0.997687 -0.0656096 -0.0177874 -11.0305
-0.0191512 0.0277847 -0.99943 56.9104 0.0612108 0.997771 0.0265656 -1.26212 0.997941 -0.0606672 -0.0208092 -11.5796
-0.0206593 0.0293287 -0.999356 56.8994 0.0556433 0.998054 0.0281402 -1.28704 0.998237 -0.0550261 -0.022251 -12.104
-0.0206574 0.031653 -0.999285 56.8884 0.0524308 0.998158 0.0305335 -1.36066 0.998411 -0.0517626 -0.022279 -12.8388
-0.0205188 0.0349098 -0.99918 56.8748 0.0548842 0.997923 0.0337388 -1.58249 0.998282 -0.0541469 -0.0223922 -13.4602
-0.0189995 0.0355619 -0.999187 56.8642 0.0638192 0.997372 0.0342838 -1.74507 0.997781 -0.063116 -0.0212191 -14.2544
-0.0188012 0.036586 -0.999154 56.7625 0.0711149 0.996848 0.0351634 -1.94499 0.997291 -0.0703936 -0.0213438 -15.2616
-0.0161294 0.0372426 -0.999176 56.7448 0.0718468 0.996766 0.0359929 -2.03216 0.997285 -0.071207 -0.018753 -16.2787
-0.0134834 0.0369762 -0.999225 56.7338 0.0675185 0.997069 0.0359853 -1.92907 0.997627 -0.066981 -0.0159404 -17.1924
-0.010211 0.0366359 -0.999277 56.6033 0.0603077 0.997532 0.0359557 -1.77943 0.998128 -0.059897 -0.0123952 -17.9694
-0.0071442 0.0354784 -0.999345 56.5927 0.0584344 0.997677 0.0350015 -1.66258 0.998266 -0.0581461 -0.00920077 -18.8238
-0.00445568 0.0431638 -0.999058 56.469 0.0644263 0.997005 0.0427877 -2.19182 0.997913 -0.064175 -0.00722321 -19.7675
-0.00156623 0.0446673 -0.999001 56.3471 0.0706345 0.996511 0.0444452 -2.44099 0.997501 -0.0704943 -0.00471582 -20.6726
0.000861274 0.0386636 -0.999252 56.3357 0.0714446 0.996696 0.0386263 -2.16803 0.997444 -0.0714244 -0.00190387 -21.6707
0.00358178 0.034427 -0.999401 56.2342 0.0669225 0.997158 0.0345896 -1.81802 0.997752 -0.0670063 0.00126766 -22.5131
0.0103154 0.0386605 -0.999199 56.126 0.0632436 0.997227 0.0392371 -1.96232 0.997945 -0.0635977 0.00784179 -23.471
0.0135203 0.0419795 -0.999027 56.0164 0.0644319 0.997005 0.0427665 -2.26642 0.99783 -0.0649475 0.010775 -24.5098
0.0166491 0.0415591 -0.998997 56.0007 0.0688462 0.996717 0.0426116 -2.37168 0.997488 -0.0694866 0.0137332 -25.4502
0.0210532 0.0377761 -0.999064 55.8813 0.069757 0.996795 0.0391603 -2.23953 0.997342 -0.0705162 0.0183506 -26.5368
0.0257713 0.0370697 -0.99898 55.7857 0.0693921 0.996835 0.0387803 -2.21641 0.997257 -0.0703208 0.0231174 -27.5854
0.0285491 0.0411839 -0.998744 55.6641 0.0660954 0.996886 0.0429966 -2.38231 0.997405 -0.0672399 0.0257381 -28.5252
0.0311815 0.0456215 -0.998472 55.4669 0.0669352 0.99662 0.0476272 -2.6408 0.99727 -0.068318 0.0280224 -29.2567
0.0366258 0.0492609 -0.998114 55.3345 0.06713 0.996407 0.05164 -2.83439 0.997072 -0.0688948 0.0331873 -30.2474
0.0382132 0.0495819 -0.998039 55.3159 0.0676121 0.996351 0.0520868 -2.88003 0.99698 -0.06947 0.0347214 -31.2512
0.0432915 0.0509166 -0.997764 55.201 0.0658492 0.996383 0.0537032 -2.928 0.99689 -0.0680268 0.0397821 -32.2553
0.0466791 0.0529794 -0.997504 54.9881 0.0646445 0.996339 0.0559426 -3.01843 0.996816 -0.0670945 0.0430834 -32.9967
0.0497467 0.0512131 -0.997448 54.9668 0.0647387 0.996419 0.054389 -2.92101 0.996662 -0.0672791 0.0462531 -34.0024
0.0528364 0.0478542 -0.997456 54.8605 0.06678 0.996446 0.0513432 -2.81179 0.996368 -0.0693229 0.0494529 -34.9848
0.0559186 0.049922 -0.997186 54.7325 0.0665968 0.996338 0.053614 -2.94183 0.996212 -0.0694075 0.0523892 -35.9285
0.058829 0.047875 -0.997119 54.6108 0.0660603 0.996473 0.0517414 -2.83982 0.99608 -0.0689139 0.0554589 -36.9259
0.0619465 0.0460509 -0.997016 54.5015 0.0669554 0.996493 0.0501868 -2.79273 0.995831 -0.0698645 0.0586459 -37.7408
0.0644894 0.0435634 -0.996967 54.3801 0.0664182 0.996644 0.0478455 -2.63924 0.995706 -0.0693023 0.0613795 -38.7917
0.0671465 0.0421486 -0.996853 54.2597 0.0679476 0.996595 0.0467146 -2.63191 0.995427 -0.0708705 0.0640539 -39.8471
0.0698855 0.0412088 -0.996704 54.0361 0.0718326 0.996345 0.0462307 -2.73547 0.994965 -0.0748267 0.0666699 -40.7804
0.0729676 0.0420381 -0.996448 53.9162 0.0738934 0.996137 0.0474361 -2.90173 0.994593 -0.0770922 0.0695794 -41.7008
0.0776169 0.0367379 -0.996306 53.8079 0.0760617 0.99619 0.0426592 -2.65903 0.994078 -0.0790918 0.0745269 -42.6277
0.0804156 0.032783 -0.996222 53.6127 0.0753297 0.996401 0.0388696 -2.4213 0.993911 -0.0781708 0.0776566 -43.7264
0.0833595 0.0353461 -0.995893 53.4907 0.0761488 0.996223 0.0417317 -2.61267 0.993606 -0.0793148 0.0803531 -44.7675
0.0874541 0.0341919 -0.995582 53.2378 0.0770899 0.996181 0.0409843 -2.6085 0.993181 -0.0803335 0.0844843 -45.7036
0.0919455 0.0301654 -0.995307 53.1195 0.0781214 0.996242 0.0374105 -2.48819 0.992695 -0.0811945 0.0892434 -46.6737
0.0988984 0.0290584 -0.994673 52.8252 0.0755167 0.996472 0.0366194 -2.36053 0.992228 -0.078736 0.0963551 -47.8069
0.101433 0.0292531 -0.994412 52.7078 0.0751604 0.996486 0.0369806 -2.33907 0.991999 -0.0784915 0.0988774 -48.7915
0.107196 0.0263831 -0.993888 52.3696 0.0786892 0.996287 0.0349338 -2.38388 0.991119 -0.081953 0.104722 -49.9033
0.112744 0.0241709 -0.99333 52.0579 0.0871724 0.995609 0.0341204 -2.69737 0.989793 -0.0904378 0.110141 -51.1063
0.119267 0.0229624 -0.992597 51.7182 0.091714 0.995203 0.0340428 -2.97373 0.988617 -0.0950952 0.116589 -52.2405
0.126231 0.017373 -0.991849 51.2821 0.0952276 0.995017 0.0295479 -2.89034 0.98742 -0.0981812 0.123947 -53.3837
0.132269 0.0140144 -0.991115 50.9854 0.0921915 0.995392 0.0263783 -2.54596 0.986917 -0.0948614 0.130367 -54.5551
0.139712 0.0137351 -0.990097 50.5552 0.0909875 0.995495 0.0266492 -2.53658 0.986003 -0.0938096 0.137833 -55.9805
0.147755 0.0132296 -0.988935 50.041 0.0876965 0.995797 0.0264239 -2.38341 0.985128 -0.0906305 0.145974 -57.3377
0.154201 0.0114579 -0.987973 49.6418 0.0810078 0.99642 0.0241995 -1.88169 0.984713 -0.0837651 0.152721 -58.4618
0.160697 0.0079765 -0.986971 49.2562 0.0740145 0.997054 0.0201089 -1.34841 0.984225 -0.0762816 0.159633 -59.5915
0.169436 0.00842471 -0.985505 48.7741 0.0703362 0.99731 0.0206184 -1.19369 0.983028 -0.0728102 0.168388 -60.6128
0.175984 0.00829126 -0.984358 48.1818 0.0736931 0.997048 0.021573 -1.42535 0.981631 -0.0763369 0.174853 -61.8543
0.182126 0.00844905 -0.983239 47.8424 0.0799371 0.996526 0.02337 -1.93268 0.980021 -0.0828536 0.180818 -62.9274
0.18578 0.00683717 -0.982567 47.5168 0.0835016 0.996249 0.0227205 -2.11457 0.979037 -0.086267 0.184513 -64.024
0.190421 0.00607991 -0.981684 47.1987 0.0867694 0.995963 0.0229993 -2.28975 0.97786 -0.0895596 0.189124 -65.0335
0.196124 0.00400216 -0.980571 46.8086 0.0860713 0.996062 0.0212805 -2.17197 0.976794 -0.0885726 0.195007 -66.4041
0.200898 0.0063232 -0.979592 46.435 0.0826893 0.996301 0.0233892 -2.0908 0.976116 -0.0857006 0.199632 -67.4605
0.206544 0.00826805 -0.978402 46.1333 0.0760287 0.996805 0.0244735 -1.78305 0.975479 -0.0794415 0.205256 -68.5201
0.20942 0.0062318 -0.977806 45.7859 0.0702724 0.997298 0.0214065 -1.23923 0.975297 -0.0731957 0.208416 -69.5076
0.213309 0.00290191 -0.97698 45.5679 0.0671073 0.99759 0.017615 -0.801127 0.974677 -0.0693199 0.2126 -70.4192
0.215555 0.00100068 -0.976491 45.3715 0.0669649 0.99763 0.0158044 -0.649433 0.974193 -0.0687974 0.214977 -71.237
0.218539 -0.000931818 -0.975828 45.139 0.0688881 0.997519 0.0144751 -0.714623 0.973394 -0.0703863 0.218061 -72.2082
0.21837 -0.00555925 -0.97585 45.0296 0.0740083 0.997198 0.0108803 -0.801137 0.973056 -0.074597 0.21817 -73.0186
0.220653 -0.00684445 -0.975328 44.8931 0.0786146 0.996847 0.0107899 -1.06997 0.972179 -0.0790559 0.220496 -73.8918
0.222113 -0.0072748 -0.974994 44.8028 0.0834177 0.996448 0.0115685 -1.43422 0.971446 -0.0839013 0.221931 -74.599
0.224955 -0.00701039 -0.974344 44.5908 0.0854564 0.996263 0.012562 -1.63927 0.970614 -0.0860898 0.224714 -75.2686
0.225942 -0.0093032 -0.974096 44.4594 0.0850736 0.996322 0.0102174 -1.50186 0.970419 -0.0851784 0.225902 -76.2095
0.227323 -0.00955426 -0.973773 44.3696 0.0824798 0.996548 0.00947679 -1.24216 0.97032 -0.0824709 0.227326 -76.8113
0.227339 -0.00921557 -0.973772 44.3377 0.0797982 0.996769 0.00919662 -1.07084 0.970541 -0.079796 0.227339 -77.5534
0.227369 -0.00836893 -0.973773 44.3424 0.0787424 0.996847 0.00981852 -1.05194 0.97062 -0.0789096 0.227311 -78.2033
0.225631 -0.00809584 -0.974179 44.4109 0.0780194 0.996904 0.00978552 -1.01625 0.971084 -0.0782128 0.225564 -78.859
0.224246 -0.00992455 -0.974482 44.4638 0.0792769 0.99682 0.00809104 -0.990909 0.971303 -0.0790683 0.22432 -79.3733
0.221446 -0.0100376 -0.975121 44.6423 0.0820706 0.996591 0.00837926 -1.2082 0.971713 -0.0818844 0.221515 -80.0209
0.220063 -0.00841606 -0.975449 44.8414 0.0856625 0.996266 0.01073 -1.62964 0.971717 -0.0859207 0.219963 -80.5827
0.218927 -0.0070986 -0.975716 44.951 0.0866355 0.996165 0.0121915 -1.80819 0.971888 -0.0872006 0.218702 -81.0768
0.214701 -0.00805059 -0.976647 45.2386 0.0859322 0.996244 0.0106787 -1.65106 0.972892 -0.0862181 0.214586 -81.5918
0.213047 -0.00816903 -0.977008 45.3383 0.0830252 0.996499 0.00977249 -1.35966 0.973508 -0.0831983 0.212979 -82.1647
0.212036 -0.00756301 -0.977233 45.5821 0.0786491 0.996858 0.00935004 -1.0835 0.974092 -0.078841 0.211964 -82.6153
0.209527 -0.0040554 -0.977794 45.6998 0.0780648 0.996869 0.0125937 -1.26647 0.974682 -0.0789701 0.209188 -83.1755
0.208145 0.000612259 -0.978098 45.7635 0.0793229 0.996695 0.0175043 -1.68396 0.974876 -0.081229 0.207409 -83.5444
0.205467 0.00363379 -0.978657 46.051 0.0814533 0.99646 0.0208008 -2.02441 0.975269 -0.0839887 0.204443 -83.9828
0.202704 0.00367025 -0.979233 46.2355 0.0838293 0.996257 0.0210869 -2.20894 0.975645 -0.0863628 0.201637 -84.4672
0.202695 0.00292946 -0.979238 46.3406 0.0867422 0.996011 0.0209346 -2.39266 0.975393 -0.0891845 0.201632 -84.9688
0.200332 0.00566364 -0.979712 46.4462 0.0853044 0.996085 0.0232013 -2.38563 0.976007 -0.0882217 0.199064 -85.506
0.203738 0.0109632 -0.978964 46.3184 0.0838688 0.996066 0.0286091 -2.74625 0.975427 -0.0879333 0.202017 -86.1807
0.203947 0.0156417 -0.978857 46.0778 0.0821428 0.996073 0.0330314 -2.924 0.97553 -0.0871427 0.201861 -86.8379
0.206817 0.0183364 -0.978208 45.9683 0.0814313 0.996033 0.0358871 -3.03698 0.974985 -0.0870788 0.204504 -87.5307
0.209437 0.0150524 -0.977706 45.649 0.0815671 0.996128 0.0328087 -2.90302 0.974414 -0.08662 0.207399 -88.2523
0.215091 0.0135074 -0.9765 45.0313 0.0825887 0.996071 0.0319698 -2.92918 0.973095 -0.0875244 0.213131 -89.215
0.220798 0.0152436 -0.9752 44.4442 0.081484 0.996094 0.0340191 -2.96135 0.97191 -0.0869746 0.218693 -90.0491
0.227346 0.0138491 -0.973716 43.7592 0.0819809 0.996077 0.0333083 -2.97488 0.970357 -0.0873986 0.225318 -90.8953
0.237413 0.0139154 -0.971309 42.983 0.0799264 0.996227 0.0338084 -2.81404 0.968115 -0.0856598 0.235405 -91.6676
0.246032 0.0108236 -0.969201 42.028 0.0787907 0.996405 0.0311284 -2.66991 0.966054 -0.0840226 0.244295 -92.782
0.255456 0.00932751 -0.966776 41.1145 0.0791433 0.996396 0.0305257 -2.64453 0.963576 -0.0843118 0.253797 -93.7577
0.264719 0.00461359 -0.964315 40.3109 0.0821778 0.996243 0.0273254 -2.67223 0.960818 -0.0864788 0.263346 -94.5852
0.273664 0.00159666 -0.961824 39.3261 0.0839102 0.996146 0.0255283 -2.7078 0.958158 -0.087693 0.272476 -95.6121
0.282502 -0.00258362 -0.959263 38.1988 0.086883 0.995955 0.0229045 -2.81186 0.955324 -0.0898143 0.281584 -96.8008
0.296369 -0.00433501 -0.955064 37.1641 0.0884568 0.995816 0.0229293 -2.93691 0.950968 -0.0912774 0.295512 -97.8847
0.307344 -0.00762543 -0.951568 36.1522 0.0889828 0.995817 0.0207602 -2.90044 0.947429 -0.0910537 0.306737 -98.8692
0.319171 -0.00894686 -0.947655 35.0314 0.0895635 0.995765 0.020764 -2.91382 0.943456 -0.0915026 0.31862 -99.7676
0.328733 -0.0136991 -0.944324 33.9734 0.090352 0.995765 0.0170075 -2.75472 0.940091 -0.0909125 0.328578 -100.514
0.337994 -0.0126719 -0.941063 32.7995 0.0862221 0.996121 0.0175544 -2.53426 0.93719 -0.0870737 0.337776 -101.47
0.348658 -0.00902278 -0.937207 31.7324 0.0780797 0.996757 0.019451 -2.04129 0.933992 -0.0799586 0.348232 -103.501
0.357887 -0.00747366 -0.933735 30.7913 0.0738053 0.997066 0.020308 -1.74795 0.930843 -0.0761826 0.357389 -104.187
0.368789 -0.00841479 -0.929475 29.6663 0.0702442 0.997352 0.0188416 -1.32893 0.926855 -0.0722388 0.368404 -105.183
0.378632 -0.00213238 -0.925545 28.6364 0.0675715 0.997392 0.025345 -1.55615 0.923078 -0.0721369 0.377788 -106.255
0.386437 0.005621 -0.922299 27.5812 0.0609527 0.99764 0.031619 -1.45733 0.9203 -0.0684353 0.385182 -107.28
0.393664 0.0163426 -0.919109 26.8107 0.0519132 0.997851 0.0399777 -1.10991 0.917787 -0.0634516 0.39197 -108.343
0.400423 0.0209095 -0.916092 25.9715 0.048285 0.997869 0.0438813 -0.989653 0.915057 -0.0618046 0.39856 -109.311
0.409019 0.0225491 -0.912247 25.1446 0.0482996 0.997758 0.0463186 -1.14474 0.911247 -0.0630063 0.407013 -110.099
0.415443 0.0240124 -0.909302 24.2963 0.0555599 0.997115 0.0517156 -2.06656 0.907921 -0.0720056 0.41291 -110.994
0.422307 0.0277016 -0.906029 23.4599 0.0589216 0.99658 0.057934 -2.84978 0.904536 -0.0778506 0.419231 -112.03
0.429322 0.0254315 -0.902793 22.6912 0.0613529 0.996473 0.0572468 -3.0452 0.901065 -0.0799663 0.426248 -113.082
0.433977 0.0177939 -0.900748 22.1282 0.0627983 0.996776 0.0499468 -2.65338 0.898733 -0.0782412 0.43146 -113.916
0.43869 0.0109371 -0.898572 21.6233 0.0669309 0.996751 0.0448083 -2.64251 0.896142 -0.0797992 0.436533 -113.93
0.44282 0.0102021 -0.896553 21.1 0.0703305 0.996459 0.0460763 -3.0212 0.893848 -0.0834585 0.440535 -114.917
0.44482 0.00672391 -0.895595 20.6478 0.0747382 0.996205 0.0445999 -3.34468 0.892496 -0.0867741 0.442629 -115.765
0.44978 0.00456803 -0.893128 20.0378 0.0768831 0.996077 0.043813 -3.51088 0.889824 -0.0883726 0.447665 -116.924
0.453832 0.00297175 -0.891082 19.402 0.0757108 0.99625 0.0418823 -3.26504 0.887865 -0.086472 0.451905 -118.132
0.45751 0.00445048 -0.889193 18.8671 0.0727498 0.996448 0.0424187 -2.9877 0.886224 -0.0840956 0.455561 -119.143
0.461569 0.00444542 -0.887094 18.3222 0.0705968 0.996632 0.041727 -2.67595 0.884291 -0.0818858 0.4597 -119.121
0.464127 0.00313291 -0.885763 17.8201 0.0698461 0.99675 0.0401239 -2.58034 0.88301 -0.0804897 0.4624 -120.284
0.467852 0.000622898 -0.883806 17.2837 0.0709778 0.996743 0.0382753 -2.52167 0.880952 -0.0806378 0.466285 -121.301
0.470084 0.00165964 -0.88262 16.9044 0.0718753 0.996605 0.0401548 -2.7415 0.87969 -0.0823147 0.468368 -122.207
0.472471 0.00278912 -0.881342 16.6762 0.06999 0.996718 0.0406746 -2.61817 0.878563 -0.0809027 0.470725 -122.166
0.474072 0.00470006 -0.880473 16.3851 0.0690193 0.99671 0.0424825 -2.66761 0.877777 -0.0809094 0.472189 -123.169
0.476485 0.00432153 -0.879172 16.167 0.0681676 0.996796 0.0418445 -2.53273 0.876536 -0.0798693 0.474663 -124.126
0.477886 0.0060491 -0.878401 15.842 0.0675452 0.996763 0.0436115 -2.59484 0.875821 -0.080173 0.47593 -124.114
0.480209 0.00492081 -0.877141 15.5559 0.0692799 0.996647 0.04352 -2.78987 0.874414 -0.0816669 0.478258 -125.092
0.482714 0.00848478 -0.875737 15.1722 0.0688442 0.996491 0.0476023 -3.01702 0.873068 -0.0832677 0.480436 -126.008
0.486805 0.00914593 -0.873463 14.7636 0.0685379 0.996463 0.0486319 -3.05396 0.870818 -0.0835395 0.484456 -126.015
0.488415 0.01355 -0.872506 14.245 0.0664346 0.9964 0.0526631 -3.14287 0.870079 -0.0836861 0.485757 -127.006
0.493073 0.0150296 -0.869858 13.9264 0.0655962 0.996362 0.0543982 -3.1895 0.867511 -0.0838817 0.490294 -127.802
0.495306 0.0161631 -0.868568 13.4037 0.0651542 0.99632 0.0556949 -3.2357 0.866272 -0.0841769 0.49243 -127.773
0.499841 0.0165271 -0.865959 12.9065 0.0636068 0.996418 0.0557314 -3.09168 0.863778 -0.0829378 0.496999 -128.722
0.503868 0.0178771 -0.863596 12.5756 0.0632372 0.996339 0.057521 -3.14236 0.861463 -0.0835943 0.500893 -129.557
0.506945 0.0173345 -0.861804 11.934 0.0647718 0.996205 0.058139 -3.34884 0.859542 -0.0852939 0.503898 -129.551
0.511168 0.0193049 -0.859264 11.2859 0.0649028 0.996026 0.0609876 -3.54936 0.857027 -0.0869436 0.507884 -130.57
0.516646 0.0180325 -0.856009 10.5346 0.0682123 0.995733 0.0621456 -4.01804 0.853477 -0.0904976 0.513212 -131.593
0.522038 0.0146163 -0.852797 9.61809 0.0732566 0.99539 0.061904 -4.64437 0.849771 -0.0947893 0.51856 -131.538
0.527075 0.00926725 -0.849768 8.67563 0.0805841 0.99489 0.0608327 -5.33717 0.84599 -0.100541 0.523634 -132.528
0.533068 0.00395847 -0.846063 7.71946 0.0867465 0.994463 0.059308 -5.97082 0.841614 -0.105008 0.529773 -133.471
0.538038 -0.000589401 -0.842921 6.89271 0.091306 0.994156 0.0575856 -6.27133 0.837961 -0.107947 0.534947 -133.357
0.544564 -0.00421321 -0.838708 5.78264 0.0916275 0.994301 0.0544979 -6.11727 0.833699 -0.106526 0.541847 -134.531
0.550693 -0.00982992 -0.83465 4.80007 0.0910162 0.994676 0.0483369 -5.41313 0.829731 -0.102585 0.548656 -134.492
0.555836 -0.015046 -0.831156 3.89807 0.088128 0.995268 0.0409189 -4.50231 0.826607 -0.0959923 0.554532 -135.434
0.562628 -0.0215808 -0.826428 2.80517 0.0860237 0.995761 0.0325619 -3.69867 0.822222 -0.0894127 0.562099 -136.511
0.568161 -0.0245601 -0.822551 1.97772 0.0838593 0.996079 0.0281828 -3.08403 0.818633 -0.0849909 0.567993 -136.507
0.574191 -0.029308 -0.818197 0.589336 0.0874283 0.99584 0.0256839 -3.3076 0.81404 -0.086281 0.574365 -137.745
0.581063 -0.0332286 -0.81318 -0.469943 0.0912298 0.995528 0.0245091 -3.66236 0.808729 -0.0884276 0.581496 -138.649
0.586418 -0.0358504 -0.809215 -1.53614 0.0941448 0.995266 0.0241314 -3.95835 0.804519 -0.0903344 0.587017 -138.569
0.592589 -0.038288 -0.804595 -2.6572 0.0964879 0.995052 0.0237127 -4.2088 0.799705 -0.0916855 0.593351 -139.607
0.597718 -0.0411219 -0.800651 -3.80273 0.0967683 0.995082 0.0211334 -4.10915 0.795845 -0.0901094 0.598758 -140.702
0.603631 -0.0471001 -0.795872 -5.10926 0.0991013 0.994944 0.0162824 -3.99522 0.791081 -0.0887005 0.605246 -140.713
0.611283 -0.0471909 -0.790004 -6.39389 0.0967652 0.995188 0.0154266 -3.72576 0.785474 -0.0858749 0.612907 -141.8
0.618856 -0.0473066 -0.784078 -7.91769 0.0950325 0.995362 0.014953 -3.48395 0.779734 -0.0837667 0.620482 -142.94
0.625806 -0.0479067 -0.778506 -9.38081 0.0946847 0.995396 0.0148595 -3.43572 0.77421 -0.0830118 0.627461 -143.862
0.633543 -0.0525068 -0.771924 -10.8434 0.096714 0.995244 0.0116792 -3.47757 0.767639 -0.0820551 0.635608 -143.736
0.640632 -0.0533946 -0.765989 -12.2417 0.0977116 0.995138 0.0123529 -3.65931 0.761605 -0.0827597 0.642735 -144.823
0.646974 -0.0556843 -0.760476 -13.6082 0.0985752 0.995069 0.0110009 -3.63549 0.756114 -0.0820814 0.649272 -145.75
0.650979 -0.0560641 -0.757023 -14.6591 0.0980832 0.995121 0.0106463 -3.59546 0.752733 -0.0811817 0.653302 -145.725
0.653805 -0.0547898 -0.754677 -15.2725 0.0969086 0.995225 0.0117019 -3.54923 0.750432 -0.0807854 0.655992 -146.661
0.657385 -0.051024 -0.751826 -15.9351 0.0939552 0.995469 0.0145936 -3.38841 0.747675 -0.0802316 0.6592 -147.703
0.661259 -0.0465966 -0.748709 -16.5476 0.0909873 0.995682 0.0183927 -3.24937 0.744619 -0.0802854 0.662643 -148.685
0.664808 -0.0375797 -0.746069 -17.0351 0.0832344 0.996241 0.0239877 -2.92426 0.742363 -0.0780458 0.665437 -148.635
0.668245 -0.031473 -0.743275 -17.8626 0.0771906 0.996645 0.0271969 -2.43318 0.739926 -0.075548 0.668432 -149.627
0.671842 -0.0258396 -0.740244 -18.3172 0.0717906 0.996958 0.0303561 -2.02548 0.737208 -0.073537 0.671653 -150.571
0.674993 -0.026467 -0.737349 -18.8933 0.0708442 0.997064 0.0290636 -1.83413 0.734415 -0.0718547 0.674886 -151.527
0.677576 -0.026713 -0.734967 -19.7606 0.0721121 0.996938 0.0302467 -2.13542 0.731909 -0.0734944 0.677428 -152.658
0.680079 -0.0320598 -0.732438 -20.3978 0.0769433 0.996647 0.0278183 -2.44825 0.72909 -0.0752749 0.680266 -152.666
0.682741 -0.03867 -0.729636 -21.1105 0.0805881 0.996491 0.0225956 -2.47197 0.726202 -0.074227 0.683462 -153.634
0.684836 -0.0387969 -0.727664 -21.7468 0.0769252 0.996851 0.0192484 -1.72887 0.724626 -0.0691577 0.685664 -154.712
0.68968 -0.0423457 -0.722875 -22.3345 0.0744424 0.997146 0.0126116 -0.717565 0.720278 -0.0625105 0.690863 -155.589
0.692993 -0.0421516 -0.719711 -23.0828 0.0693423 0.997558 0.00834376 0.313884 0.717602 -0.0556886 0.694224 -156.495
0.698161 -0.0405223 -0.714793 -23.8695 0.0654363 0.99783 0.00734584 0.909292 0.712945 -0.0519021 0.699297 -156.633
0.70225 -0.0343107 -0.711103 -24.9729 0.0621451 0.99798 0.013219 0.802588 0.709213 -0.0534746 0.702964 -157.696
0.706587 -0.0247902 -0.707192 -25.9365 0.0591882 0.997955 0.0241549 0.0145681 0.705147 -0.058925 0.706609 -158.72
0.711713 -0.0191995 -0.702208 -27.3592 0.0611137 0.997529 0.0346668 -1.35296 0.699807 -0.0675873 0.711127 -159.848
0.716666 -0.0164642 -0.697223 -28.4539 0.0613638 0.997333 0.0395241 -1.89248 0.694712 -0.0711098 0.715764 -159.878
0.721478 -0.0143429 -0.692289 -29.6082 0.056973 0.997625 0.0387063 -1.12985 0.69009 -0.0673675 0.720581 -160.63
0.72813 -0.0100307 -0.685366 -30.9376 0.051256 0.99789 0.0398496 -0.588545 0.68352 -0.0641448 0.727108 -161.488
0.732096 -0.00381935 -0.681191 -32.3078 0.0468805 0.997896 0.0447889 -0.539673 0.679586 -0.0647243 0.730735 -162.621
0.73638 -0.00121995 -0.676566 -33.1812 0.0484775 0.997523 0.0509646 -1.32514 0.674829 -0.0703276 0.734616 -162.563
0.739714 -0.0018536 -0.672919 -33.9652 0.0496703 0.997419 0.0518532 -1.56531 0.671086 -0.0717806 0.737896 -163.433
0.743152 0.000811933 -0.669122 -34.7867 0.0464972 0.997519 0.052852 -1.29916 0.667505 -0.0703894 0.741271 -164.454
0.745774 0.0039359 -0.666187 -35.4425 0.0409054 0.997825 0.0516875 -0.291583 0.664942 -0.0657979 0.743991 -165.402
0.74693 0.00758423 -0.664859 -35.6232 0.036821 0.997929 0.0527499 0.199587 0.663882 -0.0638813 0.745104 -166.339
0.747395 0.0120479 -0.664271 -35.8057 0.0315998 0.998059 0.0536558 0.880169 0.663629 -0.0610929 0.745563 -166.362
0.747388 0.0123308 -0.664274 -35.9478 0.0305931 0.998128 0.052949 1.06682 0.663683 -0.0598956 0.745612 -167.249
0.747361 0.010839 -0.66433 -35.8933 0.030913 0.998217 0.0510632 1.24149 0.663699 -0.058699 0.745693 -168.206
0.747347 0.00903748 -0.664373 -35.7614 0.0332008 0.99815 0.0509251 0.906484 0.663604 -0.0601164 0.745664 -169.207
0.745816 0.00540794 -0.66613 -35.3644 0.0369989 0.998087 0.0495279 0.567957 0.665124 -0.0615848 0.744189 -170.277
0.743245 0.00250019 -0.669015 -34.8368 0.0407306 0.997969 0.0489794 0.128093 0.667778 -0.063653 0.741633 -171.25
0.741241 -0.00201461 -0.671236 -34.4761 0.043208 0.998065 0.0447188 0.171499 0.669847 -0.0621502 0.739893 -172.202
0.73991 -0.00461077 -0.672689 -33.9536 0.0451008 0.998067 0.0427666 0.123927 0.671192 -0.0619823 0.738688 -173.144
0.736675 -0.00534416 -0.676226 -33.4806 0.0442861 0.998203 0.0403562 0.496147 0.674796 -0.0596768 0.735588 -174.161
0.733993 -0.00597113 -0.679131 -33.1087 0.0430492 0.99836 0.0377489 1.1346 0.677792 -0.0569435 0.733046 -175.931
0.731807 -0.00253464 -0.681507 -32.3492 0.0398272 0.998443 0.0390534 1.58992 0.680347 -0.0557221 0.730768 -176.91
0.730087 -0.0028134 -0.683348 -31.7678 0.0436682 0.99814 0.0425456 0.802417 0.681957 -0.0609026 0.728852 -177.906
0.72677 -0.0090397 -0.686822 -31.1242 0.0545417 0.997516 0.0445851 -0.767804 0.684712 -0.0698635 0.725457 -178.733
0.722626 -0.0115663 -0.691142 -30.1143 0.0609942 0.997027 0.0470874 -2.13384 0.688543 -0.0761822 0.721183 -179.789
0.720046 -0.0127168 -0.69381 -29.3399 0.0589987 0.997334 0.0429497 -1.33807 0.691414 -0.0718596 0.718876 -180.685
0.715694 -0.016508 -0.698219 -28.5497 0.0579323 0.997679 0.0357942 -0.31598 0.696007 -0.0660671 0.714989 -181.508
0.712857 -0.0189745 -0.701052 -27.7005 0.0568531 0.997907 0.0308013 0.642052 0.699001 -0.0618139 0.712444 -182.5
0.709956 -0.0180261 -0.704016 -26.7956 0.0560173 0.99795 0.0309378 0.765976 0.702015 -0.0614016 0.70951 -183.606
0.706934 -0.0163472 -0.707091 -25.8375 0.0546958 0.998003 0.0316109 0.860412 0.705162 -0.0610217 0.706416 -184.687
0.703601 -0.012423 -0.710486 -25.0185 0.0539971 0.997891 0.0360255 0.516865 0.70854 -0.0637118 0.702788 -185.631
0.699264 -0.00939807 -0.714802 -24.1807 0.0540231 0.997749 0.0397306 0.0883595 0.712819 -0.0663979 0.698198 -186.625
0.696196 -0.00699076 -0.717818 -23.1433 0.0548182 0.99755 0.0434519 -0.528042 0.715755 -0.0696005 0.694874 -187.692
0.691389 -0.00726001 -0.722446 -22.0804 0.0548733 0.997589 0.0424893 -0.416431 0.720396 -0.0690196 0.69012 -188.683
0.68766 -0.00933691 -0.725973 -21.1396 0.0566503 0.997559 0.0408308 -0.524949 0.72382 -0.0692043 0.68651 -189.664
0.683211 -0.00872873 -0.730169 -19.9239 0.0565134 0.997562 0.0409537 -0.520168 0.728031 -0.0692443 0.682038 -190.596
0.676596 -0.010369 -0.736281 -18.3591 0.0584697 0.9975 0.0396823 -0.73578 0.734029 -0.069899 0.675511 -191.819
0.671605 -0.0153473 -0.740751 -16.7477 0.0663309 0.997016 0.0394824 -1.99179 0.737935 -0.0756512 0.670619 -192.799
0.66499 -0.0197773 -0.746591 -15.3969 0.0739209 0.996484 0.0394445 -3.15405 0.743185 -0.0814188 0.664113 -193.717
0.659545 -0.0189283 -0.751427 -13.7275 0.0755695 0.996288 0.0412328 -3.64322 0.747857 -0.0839798 0.658527 -194.807
0.651835 -0.0185431 -0.758134 -12.1656 0.0696251 0.996942 0.0354788 -1.79147 0.755158 -0.0759115 0.651133 -195.715
0.644729 -0.0252281 -0.763995 -10.2546 0.0663751 0.997528 0.0230738 0.422215 0.761524 -0.0655866 0.64481 -196.86
0.637849 -0.022645 -0.769829 -8.67378 0.0604308 0.997957 0.020715 1.55801 0.767787 -0.0597344 0.637914 -197.838
0.631307 -0.0266358 -0.775075 -6.97154 0.0615506 0.997978 0.0158376 2.05155 0.773087 -0.0577048 0.63167 -198.934
0.623918 -0.0249223 -0.781092 -4.90157 0.0626916 0.997866 0.0182377 1.63123 0.778971 -0.0603468 0.624149 -199.935
0.617492 -0.0195783 -0.786334 -3.0215 0.0629434 0.997714 0.0245868 0.830834 0.784055 -0.0646767 0.617313 -201.069
0.610709 -0.019105 -0.791625 -1.07131 0.0717432 0.996932 0.0312874 -1.51781 0.788598 -0.0759012 0.610206 -202.203
0.603434 -0.0155329 -0.797262 0.912174 0.0725494 0.996733 0.0354923 -2.25742 0.794106 -0.0792581 0.60259 -202.264
0.596495 -0.0130496 -0.802511 2.59672 0.0689924 0.997001 0.035069 -1.54571 0.799646 -0.0762856 0.595606 -203.261
0.589119 -0.00922111 -0.807993 4.6786 0.0642356 0.997305 0.0354535 -0.494334 0.805489 -0.0727883 0.588124 -204.395
0.581628 -0.00808268 -0.813415 6.19742 0.0633284 0.997366 0.0353721 -0.340131 0.810986 -0.0720857 0.580608 -205.269
0.575959 -0.00925674 -0.817426 7.8233 0.0648116 0.997305 0.0343725 -0.447871 0.814905 -0.0727758 0.575007 -206.274
0.569063 -0.00466987 -0.82228 9.30835 0.0628291 0.997308 0.0378173 -0.546561 0.81989 -0.0731836 0.567825 -207.304
0.566048 0.00128408 -0.824371 10.6194 0.0561712 0.997615 0.0401234 0.184922 0.822456 -0.0690177 0.564626 -208.347
0.55972 0.00155483 -0.82868 11.8064 0.0538685 0.997815 0.0382569 0.701926 0.826929 -0.0660529 0.558414 -208.374
0.556211 -0.000148144 -0.831041 12.6832 0.0528549 0.997982 0.0351976 1.27384 0.829358 -0.0635019 0.555096 -209.322
0.550767 -0.00019734 -0.834659 13.893 0.0550103 0.997834 0.0360638 0.710317 0.832844 -0.0657776 0.549585 -210.348
0.548565 0.000457253 -0.836108 14.7549 0.0579626 0.997573 0.0385744 -0.0135625 0.834097 -0.0696235 0.547207 -211.294
0.544508 -0.000189003 -0.838756 15.4935 0.0643252 0.997064 0.0415343 -1.45853 0.836286 -0.0765689 0.542921 -212.303
