1 0 0 0 0 1 0 0 0 0 1 0
0.999998 -0.00187198 0.000598331 -0.00694302 0.00187255 0.999998 -0.000962661 -0.0130352 -0.000596536 0.000963774 0.999999 0.951474
0.999994 -0.0033863 0.000680668 -0.0217253 0.00338411 0.999989 0.00318922 -0.0406514 -0.000691441 -0.00318691 0.999995 1.91798
0.999988 -0.00482892 -0.000140346 -0.036869 0.00482997 0.99995 0.00880085 -0.0656226 9.78193e-05 -0.00880143 0.999961 2.97636
0.999958 -0.00902221 -0.00179641 -0.0478388 0.00903614 0.999928 0.00790725 -0.0991541 0.00172497 -0.00792314 0.999967 3.84509
0.999929 -0.0115828 -0.00284344 -0.0608288 0.0115958 0.999922 0.00459477 -0.119479 0.00278999 -0.00462742 0.999985 4.69414
0.999919 -0.0122018 -0.00366784 -0.072091 0.0122067 0.999925 0.00131698 -0.125953 0.0036515 -0.00136164 0.999992 5.66692
0.999922 -0.0116493 -0.00457879 -0.0885385 0.0116525 0.999932 0.000671686 -0.13748 0.00457066 -0.000724972 0.999989 6.70934
0.999924 -0.0109856 -0.00556832 -0.100507 0.0110028 0.999935 0.00305126 -0.14612 0.00553444 -0.00311228 0.99998 7.5949
0.999921 -0.0109045 -0.00620446 -0.115837 0.010944 0.99992 0.00636845 -0.152258 0.00613453 -0.00643584 0.99996 8.4688
0.999914 -0.0110563 -0.00706914 -0.130367 0.0111123 0.999907 0.00794229 -0.153648 0.00698068 -0.00802016 0.999943 9.30213
0.999894 -0.0124264 -0.0076146 -0.146605 0.0124915 0.999885 0.008562 -0.15798 0.00750732 -0.00865623 0.999934 10.3067
0.999884 -0.0125905 -0.00861299 -0.159137 0.0126634 0.999884 0.00846087 -0.172056 0.00850548 -0.00856894 0.999927 11.0638
0.999875 -0.012833 -0.00928116 -0.174419 0.0128972 0.999893 0.00689289 -0.191583 0.0091917 -0.00701174 0.999933 11.9614
0.999854 -0.0133942 -0.0106413 -0.191832 0.0134435 0.999899 0.00457929 -0.209997 0.0105789 -0.00472165 0.999933 12.8712
0.999824 -0.0144746 -0.0119784 -0.20771 0.0145154 0.999889 0.00332872 -0.222571 0.0119289 -0.00350199 0.999923 13.7874
0.999812 -0.0141165 -0.0133092 -0.228322 0.0141547 0.999896 0.00278211 -0.227385 0.0132686 -0.00296996 0.999908 14.7719
0.999808 -0.0127974 -0.0148328 -0.248789 0.0128271 0.999916 0.00191026 -0.234485 0.0148071 -0.00210013 0.999888 15.7384
0.999794 -0.0114236 -0.0167713 -0.266684 0.0114561 0.999933 0.00184117 -0.235809 0.0167491 -0.00203292 0.999858 16.5784
0.999759 -0.0119089 -0.0184361 -0.287417 0.0119608 0.999925 0.0027057 -0.238848 0.0184025 -0.00292556 0.999826 17.5196
0.99974 -0.0112324 -0.0198331 -0.309022 0.0113164 0.999927 0.00412852 -0.244318 0.0197853 -0.00435186 0.999795 18.3729
0.999705 -0.0110916 -0.0215835 -0.333031 0.0111896 0.999928 0.00442708 -0.250141 0.0215328 -0.00466729 0.999757 19.359
0.999653 -0.0123188 -0.0232905 -0.353443 0.0124235 0.999913 0.00435822 -0.245578 0.0232348 -0.00464604 0.999719 20.2392
0.999604 -0.0125549 -0.0251991 -0.369315 0.0126541 0.999913 0.00378182 -0.241767 0.0251494 -0.00409921 0.999675 20.946
0.999581 -0.0124793 -0.0261028 -0.387279 0.0125931 0.999912 0.00419886 -0.236499 0.0260481 -0.00452581 0.99965 21.6248
0.999557 -0.0122241 -0.0271284 -0.414382 0.0124068 0.999901 0.00657514 -0.231583 0.0270454 -0.0069088 0.99961 22.6562
0.999521 -0.0134428 -0.0278656 -0.433996 0.0137038 0.999864 0.00919717 -0.226419 0.0277382 -0.00957465 0.999569 23.5007
0.999504 -0.0130724 -0.02865 -0.452044 0.0133785 0.999855 0.0105173 -0.214828 0.0285083 -0.0108954 0.999534 24.3478
0.999487 -0.0125533 -0.0294626 -0.476674 0.012834 0.999874 0.00936023 -0.203653 0.0293414 -0.00973357 0.999522 25.2908
0.999486 -0.0107947 -0.0302011 -0.498653 0.0110012 0.999917 0.00667988 -0.195389 0.0301265 -0.00700869 0.999522 26.0645
0.999468 -0.0102721 -0.0309554 -0.518455 0.0104257 0.999934 0.00480702 -0.193551 0.030904 -0.0051272 0.999509 26.7172
0.999444 -0.00957319 -0.0319432 -0.542697 0.00971908 0.999943 0.00441523 -0.195927 0.0318991 -0.00472323 0.99948 27.4951
0.999397 -0.00978023 -0.0333206 -0.567833 0.00992103 0.999943 0.00406288 -0.197667 0.033279 -0.00439101 0.999436 28.2994
0.999331 -0.00949496 -0.0353271 -0.591943 0.00962069 0.999948 0.00339086 -0.194458 0.0352931 -0.00372845 0.99937 29.0509
0.999268 -0.00951411 -0.0370545 -0.618332 0.00963371 0.999949 0.00305049 -0.177374 0.0370236 -0.00340523 0.999309 29.8754
0.99919 -0.00981606 -0.0390297 -0.642375 0.00998602 0.999941 0.00416221 -0.17092 0.0389865 -0.00454858 0.999229 30.5361
0.999106 -0.00979877 -0.0411344 -0.67085 0.0100866 0.999926 0.00679576 -0.169355 0.0410648 -0.00720458 0.999131 31.2691
0.999042 -0.00896331 -0.0428307 -0.702448 0.0093265 0.999922 0.00828758 -0.172071 0.0427531 -0.00867909 0.999048 31.9533
0.998955 -0.00758184 -0.0450809 -0.74404 0.00797495 0.999932 0.00854649 -0.174612 0.045013 -0.00889707 0.998947 32.7387
0.998893 -0.00454505 -0.0468176 -0.780533 0.00490741 0.999959 0.00762765 -0.176384 0.046781 -0.00784896 0.998874 33.3555
0.998801 -0.00314171 -0.0488629 -0.818875 0.00347361 0.999971 0.00670916 -0.174983 0.0488405 -0.00687084 0.998783 33.9921
0.998716 -0.00260523 -0.0506017 -0.860778 0.00301977 0.999963 0.00811747 -0.164078 0.0505787 -0.00825985 0.998686 34.7724
0.998664 -0.00125257 -0.0516602 -0.899171 0.00176886 0.999949 0.00994954 -0.152828 0.0516451 -0.0100276 0.998615 35.4777
0.998666 0.00237775 -0.0515887 -0.941004 -0.00182828 0.999941 0.0106958 -0.148641 0.0516111 -0.0105872 0.998611 36.159
0.998706 0.00510044 -0.0505977 -0.982363 -0.00466722 0.999951 0.00867659 -0.138042 0.0506395 -0.00842922 0.998681 36.8601
0.99878 0.00689474 -0.0488967 -1.01871 -0.00663401 0.999963 0.00549256 -0.123042 0.0489328 -0.00516147 0.998789 37.5905
0.998879 0.00723904 -0.0467811 -1.04716 -0.00709081 0.999969 0.00333368 -0.115202 0.0468038 -0.00299823 0.9989 38.2031
0.999022 0.00843802 -0.0434049 -1.07906 -0.00827207 0.999958 0.00400132 -0.107754 0.0434369 -0.00363835 0.99905 38.8625
0.999128 0.0126243 -0.0398036 -1.11356 -0.0123099 0.999891 0.00813426 -0.106335 0.0399019 -0.0076372 0.999174 39.5491
0.999213 0.0166191 -0.0360137 -1.14214 -0.016222 0.999805 0.0112903 -0.103511 0.0361942 -0.0106972 0.999288 40.1558
0.999279 0.0210598 -0.0315847 -1.1684 -0.0206804 0.999711 0.0122905 -0.0989171 0.0318345 -0.0116284 0.999425 40.7468
0.999356 0.0248431 -0.02591 -1.19081 -0.0245284 0.999622 0.0123944 -0.0925036 0.0262082 -0.0117509 0.999587 41.3621
0.999392 0.0288136 -0.0196356 -1.20808 -0.0285259 0.999484 0.0147778 -0.0867698 0.0200513 -0.0142087 0.999698 41.9519
0.99933 0.0339419 -0.0136826 -1.22388 -0.0337138 0.999294 0.0165756 -0.0820047 0.0142356 -0.0161032 0.999769 42.577
0.999293 0.0371677 -0.00564049 -1.23217 -0.0370741 0.999186 0.0158778 -0.0799592 0.00622605 -0.0156575 0.999858 43.0773
0.999175 0.0405952 0.00142958 -1.23462 -0.0406131 0.999043 0.0162609 -0.0767594 -0.000768111 -0.0163055 0.999867 43.5909
0.998959 0.04474 0.00895438 -1.23527 -0.0448771 0.998868 0.0157498 -0.067192 -0.00823961 -0.0161352 0.999836 44.1593
0.998651 0.0494662 0.0158167 -1.23235 -0.049665 0.998688 0.012438 -0.0585669 -0.0151807 -0.0132068 0.999798 44.6929
0.998393 0.051312 0.0240594 -1.2255 -0.0515524 0.998625 0.00947835 -0.0606861 -0.02354 -0.0107034 0.999666 45.129
0.998157 0.051761 0.0316632 -1.21447 -0.0520935 0.998594 0.0097666 -0.060157 -0.0311132 -0.0113981 0.999451 45.4746
0.997936 0.0511928 0.0387714 -1.19263 -0.0516626 0.998602 0.0112132 -0.0589747 -0.0381431 -0.0131931 0.999185 45.9586
0.997563 0.05291 0.045488 -1.17436 -0.053512 0.998494 0.0121186 -0.0571466 -0.0447783 -0.0145232 0.998891 46.2844
0.996856 0.05641 0.0556466 -1.15525 -0.0571584 0.998294 0.0119501 -0.0545029 -0.0548775 -0.0150932 0.998379 46.6629
0.996131 0.0606929 0.0635505 -1.13996 -0.0615424 0.998038 0.0114955 -0.0554721 -0.0627281 -0.0153621 0.997912 46.9431
0.995318 0.0647793 0.07173 -1.12183 -0.0657687 0.997768 0.0115152 -0.0576879 -0.070824 -0.0161789 0.997358 47.1842
0.994575 0.0642996 0.0817639 -1.09127 -0.0654744 0.997785 0.0117655 -0.064652 -0.0808263 -0.0170551 0.996582 47.4869
0.993877 0.0631897 0.0906372 -1.05868 -0.0643497 0.997878 0.00993033 -0.069195 -0.0898174 -0.015702 0.995834 47.7857
0.992745 0.0617849 0.103153 -1.02492 -0.0626652 0.99802 0.00531192 -0.0760311 -0.102621 -0.0117375 0.994651 48.0565
0.991305 0.0626254 0.115727 -0.983715 -0.0631619 0.998003 0.000970488 -0.0797912 -0.115435 -0.00827162 0.993281 48.3525
0.989115 0.0643225 0.132342 -0.946623 -0.064727 0.997902 -0.00124793 -0.0859878 -0.132145 -0.00733178 0.991203 48.5865
0.986408 0.0664527 0.150276 -0.90571 -0.066821 0.997762 -0.00260315 -0.090247 -0.150113 -0.00747384 0.988641 48.8132
0.983774 0.0668343 0.166496 -0.853536 -0.0671293 0.997737 -0.00386167 -0.094862 -0.166377 -0.00737774 0.986035 49.0658
0.980245 0.0659805 0.186457 -0.800312 -0.066172 0.997795 -0.00520352 -0.0986765 -0.186389 -0.00723748 0.982449 49.2851
0.976431 0.0649323 0.205829 -0.733659 -0.0651743 0.997858 -0.0056113 -0.103261 -0.205753 -0.00793572 0.978572 49.5248
0.972372 0.065463 0.22407 -0.661508 -0.0656003 0.997823 -0.00684 -0.106902 -0.22403 -0.00804802 0.974549 49.772
0.967181 0.0672894 0.245018 -0.593294 -0.0670505 0.997706 -0.00932638 -0.110493 -0.245083 -0.00740829 0.969474 49.9942
0.962019 0.0686425 0.26421 -0.515592 -0.0680532 0.997617 -0.0113941 -0.115423 -0.264362 -0.00701902 0.964398 50.2154
0.954397 0.0696827 0.290293 -0.425979 -0.0690024 0.997537 -0.012592 -0.121952 -0.290456 -0.00801317 0.956855 50.4698
0.945575 0.0732176 0.317061 -0.321335 -0.0726231 0.997265 -0.0137096 -0.129965 -0.317198 -0.0100625 0.948306 50.7372
0.935001 0.0755911 0.346496 -0.232117 -0.0749476 0.99707 -0.0152775 -0.138315 -0.346636 -0.0116846 0.937927 50.9309
0.923145 0.0760469 0.376856 -0.125601 -0.0752777 0.997021 -0.0167918 -0.147614 -0.37701 -0.0128676 0.92612 51.1425
0.909869 0.0741532 0.408215 -0.00116461 -0.0727044 0.997171 -0.019088 -0.156156 -0.408476 -0.0123115 0.912686 51.3604
0.894241 0.0713815 0.441857 0.140735 -0.0686231 0.997395 -0.022247 -0.164189 -0.442293 -0.0104273 0.89681 51.5781
0.876712 0.0710185 0.475744 0.306651 -0.0663489 0.997441 -0.0266274 -0.172842 -0.476418 -0.00822052 0.879181 51.835
0.853305 0.0729366 0.516285 0.467672 -0.065649 0.997317 -0.0323896 -0.181145 -0.517263 -0.00625541 0.855804 52.0455
0.832719 0.0757403 0.548492 0.618808 -0.0661693 0.997114 -0.0372317 -0.189258 -0.549728 -0.00528982 0.835327 52.2077
0.812756 0.07857 0.577282 0.807279 -0.0674735 0.996891 -0.0406842 -0.200416 -0.578683 -0.00588484 0.815531 52.4178
0.789425 0.0829751 0.608214 1.00439 -0.0713062 0.99651 -0.043397 -0.214226 -0.609692 -0.0091108 0.792586 52.6355
0.7518 0.0872911 0.653588 1.27854 -0.0743081 0.9961 -0.0475619 -0.232789 -0.655191 -0.0128098 0.755355 52.9339
0.71442 0.088409 0.694109 1.55951 -0.0737787 0.995974 -0.0509201 -0.251566 -0.695816 -0.0148321 0.718067 53.1794
0.67875 0.0859041 0.729328 1.88563 -0.0708023 0.996163 -0.0514412 -0.264814 -0.730948 -0.0167224 0.682228 53.4313
0.63677 0.0843903 0.766422 2.18795 -0.0677582 0.996272 -0.0534031 -0.258906 -0.768071 -0.0179259 0.640114 53.6253
0.588238 0.0842043 0.804292 2.51214 -0.065627 0.996254 -0.0563037 -0.261865 -0.806021 -0.0196633 0.59156 53.8081
0.542522 0.0841487 0.835817 2.85767 -0.0620594 0.996266 -0.0600202 -0.258235 -0.837746 -0.019308 0.545718 53.9875
0.498614 0.0831089 0.862831 3.20085 -0.0597428 0.996321 -0.0614426 -0.261886 -0.864763 -0.0209118 0.501745 54.1318
0.45026 0.0806882 0.889244 3.61979 -0.0577239 0.996456 -0.0611884 -0.269333 -0.891029 -0.0237799 0.453322 54.3205
0.399353 0.0792519 0.913365 4.08705 -0.0581396 0.996441 -0.0610397 -0.295792 -0.914952 -0.0287264 0.402539 54.4805
0.351392 0.0786245 0.932921 4.56627 -0.0611816 0.996266 -0.0609185 -0.320824 -0.934227 -0.0356713 0.354891 54.6149
0.306301 0.079452 0.948613 5.01781 -0.058709 0.99619 -0.0644801 -0.344057 -0.950122 -0.0359417 0.309799 54.7055
0.260305 0.0747331 0.96263 5.46975 -0.0472788 0.996791 -0.0646005 -0.372106 -0.964368 -0.0286962 0.263002 54.7689
0.211669 0.0694708 0.974869 5.95539 -0.034789 0.997374 -0.063521 -0.40137 -0.976722 -0.0204693 0.21353 54.8265
0.16345 0.0680925 0.984199 6.39313 -0.0262313 0.997562 -0.0646608 -0.421335 -0.986203 -0.015248 0.164838 54.8558
0.12322 0.0713762 0.989809 6.95446 -0.0221692 0.997359 -0.0691608 -0.452607 -0.992132 -0.0134213 0.124477 54.8838
0.0914683 0.0713003 0.993252 7.47786 -0.0137803 0.997428 -0.070331 -0.493608 -0.995713 -0.00725422 0.0922156 54.8869
0.0605705 0.0696459 0.995731 8.05146 -0.00688512 0.997568 -0.0693555 -0.545531 -0.99814 -0.00265483 0.0609028 54.8913
0.037207 0.0673538 0.997035 8.61706 0.000414476 0.997725 -0.0674158 -0.58515 -0.999308 0.00292159 0.0370944 54.8842
0.0194 0.067599 0.997524 9.18265 0.00608739 0.997685 -0.0677283 -0.627211 -0.999793 0.00738625 0.0189435 54.8799
0.00132303 0.0694661 0.997583 9.73098 0.00956193 0.997538 -0.0694756 -0.670125 -0.999953 0.00963074 0.000655544 54.8672
-0.0108576 0.0689541 0.997561 10.3036 0.010108 0.997576 -0.0688452 -0.712329 -0.99989 0.00933589 -0.0115283 54.8536
-0.0206567 0.0695187 0.997367 10.8993 0.0104304 0.99754 -0.0693148 -0.760439 -0.999732 0.0089711 -0.021331 54.8432
-0.0296091 0.0728532 0.996903 11.6278 0.015434 0.997255 -0.0724205 -0.825576 -0.999442 0.0132419 -0.0306522 54.818
-0.0350422 0.074829 0.99658 12.2885 0.0196785 0.997051 -0.0741724 -0.891195 -0.999192 0.0170121 -0.0364114 54.7748
-0.0392138 0.07395 0.996491 12.9759 0.019853 0.997119 -0.0732154 -0.945229 -0.999034 0.0169123 -0.0405689 54.7375
-0.0428416 0.0713545 0.996531 13.573 0.0171552 0.997352 -0.0706758 -0.990106 -0.998935 0.0140678 -0.0439523 54.7116
-0.0450871 0.0624987 0.997026 14.1889 0.015588 0.997963 -0.0618526 -1.03793 -0.998861 0.0127529 -0.0459695 54.68
-0.046352 0.0571847 0.997287 14.8772 0.0169194 0.998262 -0.0564542 -1.08445 -0.998782 0.0142567 -0.047239 54.6322
-0.0468395 0.0550425 0.997385 15.5782 0.0194358 0.998342 -0.0541825 -1.13341 -0.998713 0.0168471 -0.0478316 54.5813
-0.0465332 0.0574597 0.997263 16.2526 0.0226086 0.998149 -0.0564558 -1.18271 -0.998661 0.0199196 -0.0477462 54.5336
-0.0458173 0.0634913 0.99693 16.9854 0.0240448 0.997759 -0.062439 -1.22845 -0.99866 0.0211102 -0.0472413 54.4872
-0.0440806 0.0709507 0.996505 17.6461 0.024628 0.997249 -0.0699142 -1.26264 -0.998725 0.0214601 -0.0457067 54.4511
-0.0417543 0.072325 0.996507 18.5026 0.0261469 0.997114 -0.0712735 -1.31173 -0.998786 0.0230795 -0.0435249 54.4072
-0.0396588 0.0682901 0.996877 19.2253 0.0250615 0.997416 -0.06733 -1.35429 -0.998899 0.022313 -0.0412677 54.3706
-0.0377204 0.0602054 0.997473 20.0549 0.0246543 0.997936 -0.059301 -1.41182 -0.998984 0.0223552 -0.0391269 54.3321
-0.0353841 0.0594047 0.997607 20.725 0.0222591 0.998031 -0.0586405 -1.4538 -0.999126 0.0201309 -0.0366367 54.3036
-0.0314304 0.0645855 0.997417 21.4873 0.0315383 0.997477 -0.0635956 -1.49803 -0.999008 0.029458 -0.033388 54.2611
-0.0277567 0.0708311 0.997102 22.2546 0.0336885 0.996986 -0.0698851 -1.54348 -0.999047 0.031651 -0.0300592 54.2236
-0.0253404 0.0711699 0.997142 22.9994 0.0274116 0.997137 -0.0704729 -1.59235 -0.999303 0.0255474 -0.0272188 54.21
-0.0223136 0.0684574 0.997405 23.6765 0.0235644 0.997412 -0.0679307 -1.64249 -0.999473 0.0219875 -0.023869 54.1981
-0.0183548 0.0627294 0.997862 24.3645 0.0277335 0.997678 -0.0622077 -1.69654 -0.999447 0.0265324 -0.0200519 54.1724
-0.0152674 0.0658736 0.997711 25.0373 0.0325175 0.997332 -0.065351 -1.74218 -0.999355 0.0314453 -0.0173687 54.1453
-0.0123783 0.0700103 0.99747 25.6107 0.0320193 0.997062 -0.0695844 -1.78063 -0.999411 0.031077 -0.0145836 54.1362
-0.00912589 0.071257 0.997416 26.3534 0.028821 0.997062 -0.070968 -1.83304 -0.999543 0.0280989 -0.0111528 54.1376
-0.00576583 0.0700072 0.99753 26.9274 0.0277375 0.997174 -0.0698219 -1.8727 -0.999599 0.0272664 -0.00769136 54.1467
-0.00175635 0.0673523 0.997728 27.6957 0.0317447 0.99723 -0.0672629 -1.93159 -0.999494 0.0315545 -0.00388957 54.1437
0.00271924 0.0671608 0.997738 28.3688 0.0366127 0.997067 -0.0672153 -1.98645 -0.999326 0.0367127 0.000252321 54.145
0.00551291 0.0681653 0.997659 29.2472 0.0400373 0.996859 -0.0683319 -2.04818 -0.999183 0.0403203 0.00276644 54.1467
0.00799329 0.068446 0.997623 29.917 0.0401977 0.996826 -0.0687134 -2.09232 -0.99916 0.0406514 0.00521655 54.1494
0.011886 0.0674725 0.99765 30.6065 0.0419574 0.996808 -0.0679155 -2.13595 -0.999049 0.0426661 0.00901711 54.1506
0.014946 0.0658474 0.997718 31.3612 0.0435235 0.996841 -0.0664416 -2.18512 -0.998941 0.0444172 0.0120329 54.1522
0.0174875 0.0668956 0.997607 32.1718 0.04244 0.99681 -0.0675862 -2.22749 -0.998946 0.0435204 0.0145926 54.1646
0.0201155 0.0681035 0.997475 32.816 0.039259 0.996854 -0.0688528 -2.25887 -0.999027 0.0405449 0.0173786 54.1801
0.0228091 0.0682491 0.997407 33.6501 0.0410795 0.996761 -0.0691442 -2.30415 -0.998895 0.0425501 0.0199316 54.1958
0.0253921 0.067824 0.997374 34.3997 0.0381318 0.996904 -0.0687628 -2.34856 -0.99895 0.0397777 0.0227272 54.2176
0.027171 0.068661 0.99727 35.1155 0.0371056 0.996882 -0.0696452 -2.38865 -0.998942 0.0388967 0.0245385 54.24
0.0305523 0.0680767 0.997212 35.8309 0.0336058 0.997044 -0.0690948 -2.43228 -0.998968 0.0356231 0.0281742 54.2668
0.0341015 0.0699324 0.996969 36.5568 0.0323357 0.996949 -0.0710371 -2.47831 -0.998895 0.0346601 0.0317362 54.2922
0.0375048 0.0738736 0.996562 37.3529 0.0314372 0.996683 -0.0750657 -2.53326 -0.998802 0.0341445 0.035058 54.3205
0.0406691 0.0751855 0.99634 38.1135 0.031103 0.996586 -0.0764736 -2.58545 -0.998688 0.0340993 0.0381918 54.3501
0.0432924 0.0775709 0.996046 38.7776 0.0257467 0.996563 -0.0787303 -2.6244 -0.998731 0.0290534 0.0411464 54.3864
0.045714 0.0762964 0.996037 39.4038 0.0213599 0.996776 -0.0773334 -2.6587 -0.998726 0.0248105 0.0439369 54.4235
0.0493475 0.0767475 0.995829 40.1307 0.0234973 0.996678 -0.0779773 -2.70696 -0.998505 0.0272473 0.0473803 54.4567
0.0534688 0.0777573 0.995537 41.0822 0.022919 0.996605 -0.0790716 -2.77087 -0.998306 0.0270446 0.0515052 54.5047
0.0566974 0.0787572 0.99528 41.9109 0.0189738 0.996619 -0.079944 -2.82413 -0.998211 0.0234169 0.0550113 54.5567
0.0598029 0.0777091 0.995181 42.5988 0.0187199 0.996703 -0.0789529 -2.86753 -0.998035 0.0233513 0.058151 54.5993
0.0653194 0.0759901 0.994967 43.3437 0.0185603 0.996831 -0.077351 -2.90956 -0.997692 0.0235194 0.063702 54.6471
0.06997 0.0802273 0.994318 44.1692 0.0149939 0.996563 -0.0814636 -2.96346 -0.997436 0.0206087 0.0685266 54.7106
0.0761999 0.088545 0.993153 44.8612 0.013427 0.995868 -0.0898172 -2.99864 -0.997002 0.0201791 0.0746961 54.7694
0.0843351 0.0929534 0.992092 45.7027 0.0115551 0.995481 -0.0942532 -3.05872 -0.99637 0.0194126 0.08288 54.8432
0.0915404 0.0955369 0.991208 46.5712 0.00800157 0.995284 -0.0966688 -3.12314 -0.995769 0.0167803 0.0903443 54.9301
0.0992106 0.0935332 0.990661 47.2747 0.00361563 0.995532 -0.0943552 -3.17455 -0.99506 0.0129429 0.0984292 55.0091
0.106463 0.0918214 0.990068 48.0141 0.00341848 0.995687 -0.0927102 -3.23354 -0.994311 0.0132548 0.10569 55.0954
0.113931 0.0887207 0.989519 48.7824 0.00332567 0.995965 -0.0896815 -3.2908 -0.993483 0.0135083 0.113176 55.1866
0.121922 0.0822281 0.989128 49.5715 0.000907704 0.996553 -0.0829573 -3.3475 -0.992539 0.0110122 0.121428 55.2882
0.129301 0.0764567 0.988653 50.3066 -0.00118986 0.997034 -0.0769492 -3.39417 -0.991605 0.00877322 0.129008 55.3915
0.136609 0.0729094 0.987938 51.0996 -0.00167821 0.997304 -0.0733685 -3.45068 -0.990624 0.00836486 0.136363 55.5026
0.14424 0.0761932 0.986605 52.0302 -0.00128983 0.997045 -0.0768109 -3.51371 -0.989542 0.00980668 0.143912 55.6374
0.149433 0.0825267 0.985322 52.8308 -0.00111441 0.996524 -0.0832959 -3.56696 -0.988771 0.0113491 0.149006 55.7625
0.155325 0.0868839 0.984035 53.6289 -0.00211244 0.996152 -0.0876203 -3.6248 -0.987861 0.0115309 0.154911 55.89
0.160859 0.0889345 0.982962 54.3621 -0.00407237 0.995983 -0.0894461 -3.67965 -0.986969 0.0103852 0.160575 56.0124
0.166012 0.0883657 0.982157 55.1321 -0.00572376 0.996047 -0.0886479 -3.73603 -0.986107 0.00909499 0.165861 56.1451
0.170934 0.0854933 0.981566 55.7621 -0.00203052 0.996257 -0.0864193 -3.77648 -0.98528 0.0127789 0.170468 56.2492
0.175333 0.0790519 0.98133 56.3363 -0.00100169 0.996785 -0.0801179 -3.81424 -0.984509 0.0130644 0.174849 56.35
0.178081 0.0724603 0.981344 57.1692 -0.00329889 0.997323 -0.0730415 -3.86782 -0.98401 0.00976993 0.177843 56.5046
0.181373 0.0694955 0.980956 57.9257 -0.00664996 0.997564 -0.0694426 -3.91791 -0.983392 0.00607172 0.181394 56.6493
0.185125 0.0698735 0.980228 58.5928 -0.00826241 0.997544 -0.0695475 -3.95585 -0.98268 0.00477597 0.185248 56.7754
0.187 0.0725336 0.979679 59.2648 -0.0103955 0.997361 -0.0718585 -3.99855 -0.982305 0.00325329 0.18726 56.9067
0.188357 0.0764151 0.979123 59.8686 -0.0144868 0.997076 -0.0750293 -4.03724 -0.981994 -5.19939e-05 0.188914 57.0319
0.19067 0.0813587 0.978277 60.5905 -0.0159036 0.996685 -0.0797899 -4.08764 -0.981525 -0.000344649 0.191332 57.1787
0.192742 0.0869267 0.977391 61.2046 -0.0164637 0.996215 -0.0853541 -4.1236 -0.981111 0.000359878 0.193444 57.3035
0.194289 0.088974 0.976901 61.9291 -0.0160672 0.996033 -0.087521 -4.1747 -0.980813 0.00130825 0.194948 57.4503
0.195608 0.0886473 0.976668 62.4481 -0.0182292 0.996063 -0.0867568 -4.21165 -0.980513 -0.000833571 0.196453 57.5597
0.196322 0.0862115 0.976742 63.1276 -0.0182585 0.996276 -0.0842658 -4.26696 -0.980369 -0.00129059 0.197165 57.6967
0.196886 0.0835115 0.976863 63.8267 -0.0182576 0.996505 -0.0815109 -4.32297 -0.980256 -0.00178682 0.197723 57.8383
0.19671 0.0825039 0.976984 64.4437 -0.0175316 0.99659 -0.0806297 -4.36691 -0.980305 -0.00126741 0.197485 57.9566
0.195399 0.0818974 0.977298 65.0975 -0.0174825 0.99664 -0.0800228 -4.4198 -0.980568 -0.00144919 0.196175 58.0848
0.193756 0.0825429 0.977571 65.8265 -0.0187552 0.996584 -0.0804309 -4.4803 -0.980871 -0.00275065 0.194642 58.2279
0.191386 0.0860456 0.977736 66.4504 -0.0197385 0.996286 -0.0838144 -4.53784 -0.981316 -0.00325817 0.192373 58.3525
0.189046 0.0898325 0.977851 66.9809 -0.0179031 0.995956 -0.0880347 -4.58676 -0.981805 -0.00086401 0.18989 58.4575
0.187263 0.09032 0.978149 67.5339 -0.0153792 0.995911 -0.0890159 -4.63305 -0.982189 0.00162628 0.187887 58.5619
0.185013 0.0892007 0.978679 68.1175 -0.0161341 0.996014 -0.0877306 -4.68194 -0.982604 0.00044116 0.185715 58.6795
0.18261 0.0863506 0.979386 68.6344 -0.0164611 0.996265 -0.0847695 -4.72921 -0.983048 -0.000642024 0.183349 58.7754
0.180235 0.081057 0.980278 69.1279 -0.0161696 0.996708 -0.0794426 -4.78026 -0.983491 -0.00153232 0.180953 58.8668
0.178294 0.0801153 0.98071 69.7896 -0.0132129 0.996785 -0.0790263 -4.8386 -0.983888 0.00113193 0.17878 58.9867
0.176627 0.0821453 0.980844 70.4355 -0.00918011 0.996606 -0.0818122 -4.89326 -0.984235 0.00544595 0.176781 59.1001
0.174343 0.0843149 0.981069 70.9732 -0.00525592 0.996393 -0.0846979 -4.93563 -0.984671 0.00961005 0.174157 59.1944
0.172697 0.0864459 0.981174 71.5274 -0.00587851 0.996214 -0.0867363 -4.9828 -0.984957 0.00921124 0.172551 59.2935
0.171052 0.088496 0.98128 72.024 -0.00597857 0.996033 -0.0887843 -5.02846 -0.985244 0.00932007 0.170902 59.3823
0.169762 0.0864859 0.981683 72.507 -0.00400535 0.996194 -0.0870717 -5.06827 -0.985477 0.0108495 0.169462 59.466
0.170646 0.0847583 0.98168 72.9894 0.0032005 0.99624 -0.0865718 -5.10803 -0.985327 0.0179149 0.169733 59.5411
0.173172 0.0837547 0.981324 73.6349 0.00869815 0.996209 -0.08656 -5.16021 -0.984853 0.0235254 0.171787 59.6434
0.17518 0.0827038 0.981057 74.1358 0.0111951 0.996234 -0.0859823 -5.20148 -0.984473 0.0260454 0.173594 59.7295
0.178659 0.0822073 0.980471 74.6878 0.00851704 0.996337 -0.0850895 -5.24898 -0.983874 0.0235527 0.177304 59.8346
0.185258 0.0826788 0.979206 75.341 0.00788862 0.996297 -0.0856144 -5.30213 -0.982658 0.0235854 0.18392 59.9592
0.191943 0.0817321 0.977997 75.8789 0.00907256 0.996336 -0.0850453 -5.34843 -0.981364 0.0251968 0.190498 60.0669
0.200732 0.081134 0.976281 76.4565 0.00856673 0.996381 -0.0845659 -5.39536 -0.979609 0.0253386 0.19931 60.1897
0.20852 0.0804519 0.974703 77.116 0.00812869 0.996434 -0.0839845 -5.44979 -0.977984 0.0254355 0.207123 60.3303
0.216799 0.0796393 0.972962 77.704 0.00436418 0.996578 -0.0825447 -5.50153 -0.976207 0.0221418 0.21571 60.4663
0.227049 0.0796012 0.970625 78.297 0.00293372 0.996594 -0.0824172 -5.54718 -0.973879 0.0215603 0.226042 60.6109
0.236673 0.0825908 0.968073 78.8022 -0.00194991 0.996419 -0.0845325 -5.58356 -0.971587 0.0181189 0.235986 60.7444
0.246924 0.085431 0.965262 79.4864 -0.00592652 0.996221 -0.086655 -5.63159 -0.969017 0.0156766 0.246497 60.9293
0.258443 0.0873071 0.962073 80.0478 -0.010042 0.996097 -0.0876971 -5.6721 -0.965974 0.0130035 0.25831 61.0916
0.267342 0.0893471 0.95945 80.6705 -0.011746 0.99592 -0.0894703 -5.71742 -0.96353 0.0126495 0.267301 61.2717
0.275518 0.0900967 0.957064 81.2779 -0.0142977 0.995872 -0.089634 -5.75773 -0.96119 0.011012 0.275669 61.4605
0.283287 0.0911256 0.954696 81.9582 -0.0155625 0.995781 -0.0904294 -5.80531 -0.958909 0.0107601 0.28351 61.6697
0.294867 0.0917497 0.951123 82.5438 -0.0186329 0.995742 -0.0902773 -5.83987 -0.955357 0.00889761 0.295321 61.8597
0.305811 0.0860083 0.948199 83.2588 -0.0184356 0.996259 -0.0844219 -5.88929 -0.951914 0.00833654 0.306253 62.0971
0.318053 0.0794568 0.944738 83.7904 -0.0151573 0.996781 -0.0787311 -5.91535 -0.947952 0.0107209 0.318233 62.2779
0.329362 0.0750522 0.941216 84.4116 -0.0139622 0.997114 -0.0746237 -5.9557 -0.944101 0.0114367 0.329459 62.4949
0.339409 0.0721035 0.937872 85.0215 -0.0139323 0.997334 -0.071633 -5.98773 -0.940536 0.0112462 0.339508 62.7215
0.348195 0.0683519 0.934927 85.6987 -0.0081776 0.997522 -0.0698826 -6.00222 -0.937387 0.0166873 0.347891 62.9746
0.357543 0.0649229 0.931637 86.4284 -0.00289212 0.997653 -0.0684134 -6.02016 -0.933892 0.0217663 0.356892 63.246
0.364303 0.0542656 0.929698 87.2092 0.00620717 0.998137 -0.0606926 -6.04196 -0.93126 0.0278813 0.363287 63.5437
0.371656 0.0499149 0.927028 87.9826 0.0137338 0.998149 -0.0592504 -6.08031 -0.928269 0.0347524 0.370283 63.8468
0.378617 0.0503477 0.924183 88.6913 0.0149936 0.998055 -0.0605146 -6.11792 -0.925432 0.0367687 0.377126 64.1388
0.386704 0.0567026 0.920459 89.5421 0.0181791 0.997445 -0.0690825 -6.16244 -0.922025 0.0434476 0.384685 64.4896
0.393839 0.0615768 0.917115 90.2415 0.0214745 0.996865 -0.0761532 -6.20833 -0.918929 0.0496866 0.391282 64.7907
0.398755 0.0628991 0.914898 90.9969 0.0190007 0.996864 -0.0768157 -6.26782 -0.916861 0.0480143 0.396309 65.1303
0.402127 0.0649052 0.91328 91.7683 0.0115091 0.997047 -0.0759259 -6.31508 -0.915512 0.0410428 0.400193 65.4922
0.40512 0.0678829 0.91174 92.4438 0.00625776 0.997011 -0.0770122 -6.37349 -0.914242 0.0369047 0.403485 65.8223
0.40931 0.0711251 0.909619 93.1165 0.00526673 0.996756 -0.0803085 -6.43088 -0.91238 0.0376618 0.407608 66.1396
0.414204 0.0750809 0.907082 93.6968 0.00210454 0.99651 -0.0834441 -6.49567 -0.910182 0.0364719 0.4126 66.4185
0.417528 0.0776106 0.905344 94.3821 -0.00130169 0.996396 -0.0848157 -6.57067 -0.908663 0.0342344 0.416124 66.7546
0.421405 0.0755152 0.903723 95.1039 -0.00240634 0.996617 -0.0821553 -6.65158 -0.906869 0.032446 0.420161 67.1098
0.426101 0.0720281 0.901803 95.8128 -0.00117677 0.996869 -0.079065 -6.72309 -0.904675 0.0326285 0.424852 67.4496
0.429389 0.0693062 0.900457 96.507 -0.00158523 0.997107 -0.0759892 -6.79543 -0.903118 0.0312015 0.428257 67.7925
0.432776 0.0683834 0.898904 97.0607 -0.00298029 0.997222 -0.074428 -6.85934 -0.901497 0.0295316 0.431777 68.0729
0.436263 0.0704293 0.897059 97.68 -0.00454887 0.997092 -0.0760708 -6.92054 -0.899808 0.0291063 0.435315 68.3875
0.439323 0.0707214 0.895541 98.2901 -0.00367568 0.997029 -0.0769328 -6.9771 -0.898322 0.0305066 0.438278 68.6922
0.441487 0.0691821 0.894597 99.0342 -0.00197872 0.997096 -0.0761322 -7.04464 -0.897266 0.0318412 0.440342 69.0608
0.443203 0.0682925 0.893816 99.5213 -0.000135813 0.997099 -0.0761165 -7.09264 -0.896421 0.0336137 0.441927 69.3064
0.44503 0.068085 0.892924 100.135 -0.00140569 0.997158 -0.0753322 -7.15023 -0.895514 0.0322699 0.443861 69.621
0.447241 0.0678215 0.891838 100.76 -0.000379998 0.997135 -0.0756384 -7.20983 -0.894413 0.0334897 0.445986 69.9444
0.449969 0.0701374 0.890286 101.245 -0.000695501 0.996938 -0.078188 -7.26172 -0.893044 0.034563 0.44864 70.2002
0.453108 0.0695485 0.888738 101.795 0.0015314 0.99689 -0.0787927 -7.32006 -0.891454 0.0370627 0.451593 70.4883
0.456137 0.0686721 0.887256 102.338 0.00433553 0.996835 -0.0793822 -7.37693 -0.889899 0.0400559 0.454396 70.7753
0.459406 0.0671261 0.885686 102.787 0.00692829 0.996839 -0.0791441 -7.41858 -0.888199 0.0424956 0.457489 71.0143
0.462265 0.0662019 0.884267 103.339 0.00852698 0.996831 -0.0790867 -7.46219 -0.886701 0.0440991 0.460235 71.3038
0.465736 0.0658412 0.882471 103.893 0.00945575 0.996801 -0.0793617 -7.50602 -0.884873 0.045306 0.463624 71.5973
0.46859 0.0651986 0.881007 104.388 0.0101153 0.996811 -0.0791488 -7.54464 -0.883358 0.046 0.466436 71.8633
0.471981 0.0645415 0.879243 104.887 0.0121219 0.996747 -0.0796741 -7.58461 -0.881525 0.0482628 0.469664 72.1313
0.476716 0.0658402 0.876588 105.423 0.0116617 0.99663 -0.0811985 -7.62648 -0.87898 0.0489311 0.474342 72.426
0.480778 0.0657328 0.874375 105.984 0.0139919 0.996484 -0.0826061 -7.67403 -0.876731 0.0519494 0.478168 72.7354
0.484769 0.0686887 0.871941 106.482 0.0118935 0.996302 -0.0850979 -7.72692 -0.874561 0.0516233 0.48216 73.0161
0.49008 0.0749725 0.868447 106.986 0.00830787 0.995847 -0.0906591 -7.78221 -0.871638 0.0516452 0.487422 73.3068
0.496996 0.0809804 0.863966 107.49 0.00305443 0.995466 -0.0950631 -7.83823 -0.867747 0.0498849 0.494496 73.6049
0.503046 0.0878218 0.859786 107.971 -0.00209698 0.994945 -0.100401 -7.88984 -0.864257 0.0487031 0.500687 73.897
0.509657 0.0921918 0.855424 108.514 -0.00516317 0.994552 -0.10411 -7.94838 -0.860362 0.0486437 0.507357 74.2231
0.514452 0.0922286 0.852545 108.94 -0.00973445 0.994763 -0.10174 -7.9948 -0.857464 0.0440412 0.512656 74.4946
0.519355 0.0907633 0.849725 109.461 -0.017011 0.995245 -0.0959098 -8.05792 -0.854389 0.0353565 0.518429 74.8206
0.525946 0.0880921 0.845944 109.911 -0.0227039 0.995721 -0.0895735 -8.1041 -0.850215 0.0279047 0.525696 75.1031
0.531291 0.0867624 0.842735 110.461 -0.0296407 0.996037 -0.0838588 -8.15899 -0.846671 0.0195742 0.531757 75.4576
0.537831 0.0849645 0.83876 110.948 -0.0323289 0.996255 -0.0801884 -8.20127 -0.842432 0.0160117 0.538564 75.7676
0.543888 0.0885364 0.834474 111.505 -0.03691 0.99598 -0.081615 -8.2494 -0.838346 0.013589 0.54497 76.1355
0.550093 0.0922995 0.829987 112.069 -0.0407548 0.995656 -0.0837117 -8.29819 -0.834108 0.0122233 0.551465 76.5141
0.556634 0.0955784 0.825241 112.638 -0.0434823 0.99535 -0.0859509 -8.34615 -0.829619 0.0119599 0.558202 76.9021
0.56318 0.0974037 0.820574 113.102 -0.0456426 0.995179 -0.0868041 -8.37777 -0.825073 0.0114332 0.56491 77.217
0.570107 0.0983169 0.815666 113.623 -0.0489177 0.995115 -0.0857559 -8.41887 -0.820113 0.00898955 0.572132 77.5812
0.577135 0.100514 0.810439 114.237 -0.0556008 0.99493 -0.083801 -8.4721 -0.814754 0.00330345 0.579798 78.0245
0.583875 0.0982435 0.805877 114.761 -0.0559134 0.99516 -0.0808083 -8.52234 -0.809916 0.00212264 0.586542 78.4092
0.591005 0.0961217 0.800921 115.402 -0.0557085 0.995368 -0.0783505 -8.58139 -0.804742 0.00168736 0.593622 78.8821
0.598663 0.0962588 0.795196 116.025 -0.0565802 0.995355 -0.0778917 -8.624 -0.799 0.00163853 0.601328 79.3539
0.607162 0.0987105 0.788423 116.658 -0.0616907 0.995115 -0.0770805 -8.6737 -0.79218 -0.00183797 0.610285 79.8506
0.614804 0.0991374 0.782424 117.183 -0.061975 0.995073 -0.0773832 -8.70655 -0.786241 -0.000915267 0.617919 80.2698
0.622016 0.099899 0.776605 117.792 -0.063669 0.994996 -0.0769966 -8.74973 -0.780411 -0.00155253 0.625265 80.7608
0.62812 0.0984216 0.771867 118.514 -0.0636412 0.995143 -0.0751027 -8.80521 -0.77551 -0.00194907 0.631332 81.3472
0.632579 0.0969912 0.768399 119.243 -0.0627443 0.995284 -0.0739761 -8.86106 -0.77195 -0.00141697 0.635681 81.9427
0.636506 0.094206 0.765497 119.885 -0.058589 0.99555 -0.0738012 -8.8959 -0.769043 0.00212523 0.639193 82.466
0.639902 0.0900526 0.763161 120.512 -0.0522137 0.99591 -0.0737363 -8.93643 -0.76668 0.00733657 0.641987 82.977
0.644152 0.0838379 0.760289 121.095 -0.0452284 0.996411 -0.0715556 -8.9736 -0.763559 0.0117061 0.645632 83.4451
0.64805 0.0782039 0.757572 121.854 -0.039682 0.99683 -0.0689572 -9.02444 -0.760564 0.0146257 0.649099 84.0772
0.651645 0.0726653 0.755036 122.478 -0.0341364 0.997202 -0.0665096 -9.06006 -0.757756 0.0175664 0.652302 84.5937
0.655139 0.0715711 0.752111 123.105 -0.0339415 0.997286 -0.0653367 -9.10205 -0.754746 0.0172768 0.65579 85.1315
0.658296 0.0729584 0.749215 123.8 -0.0348102 0.997178 -0.066519 -9.14965 -0.751954 0.0177088 0.658978 85.7362
0.662239 0.0770994 0.745316 124.385 -0.0403037 0.996917 -0.0673151 -9.18573 -0.748208 0.0145397 0.663305 86.2603
0.665167 0.0805336 0.742339 125.071 -0.0459106 0.996697 -0.0669901 -9.23301 -0.745282 0.0104783 0.666667 86.8822
0.66794 0.0776852 0.740149 125.606 -0.0469065 0.996954 -0.0623089 -9.26539 -0.742735 0.00690084 0.66955 87.3671
0.67116 0.0746815 0.737541 126.222 -0.0495236 0.997207 -0.0559083 -9.30016 -0.739656 0.000997787 0.672984 87.9289
0.674745 0.070251 0.7347 126.982 -0.0490947 0.997527 -0.0502939 -9.34642 -0.736417 -0.00213437 0.676525 88.6253
0.678936 0.0660843 0.731217 127.457 -0.0463705 0.997812 -0.047123 -9.37228 -0.732732 -0.0019134 0.680515 89.0665
0.683636 0.0634965 0.727056 128.162 -0.0409268 0.997976 -0.0486742 -9.41396 -0.728675 0.00351937 0.684851 89.7179
0.689682 0.061205 0.721521 128.769 -0.0303959 0.99799 -0.0556027 -9.45731 -0.723474 0.016417 0.690157 90.2886
0.695959 0.0623542 0.715369 129.552 -0.0239206 0.997683 -0.0636901 -9.51747 -0.717683 0.0272137 0.695838 91.0355
0.701854 0.0622168 0.709599 130.154 -0.0207396 0.997541 -0.06695 -9.5652 -0.712019 0.0322723 0.701418 91.6314
0.708693 0.0585735 0.703082 130.961 -0.018204 0.997734 -0.0647716 -9.63533 -0.705282 0.0331043 0.708153 92.4336
0.714391 0.0528113 0.697751 131.671 -0.0140891 0.998031 -0.0611137 -9.69565 -0.699605 0.0338284 0.713729 93.1529
0.72035 0.0511454 0.691722 132.285 -0.0110207 0.997996 -0.0623143 -9.74032 -0.693523 0.0372649 0.71947 93.7857
0.725065 0.0527074 0.686661 132.94 -0.00922136 0.997721 -0.0668469 -9.78551 -0.688619 0.0421364 0.723898 94.4704
0.729543 0.0551719 0.681706 133.551 -0.0103953 0.99752 -0.0696068 -9.83193 -0.683856 0.0436946 0.728307 95.123
0.732366 0.0513315 0.678973 134.121 -0.00810589 0.997741 -0.0666875 -9.87895 -0.680863 0.043336 0.731128 95.7314
0.735147 0.0460696 0.676341 134.772 -0.004807 0.998017 -0.062756 -9.93171 -0.677891 0.0428837 0.733911 96.4258
0.736721 0.0419557 0.674894 135.458 -0.00148722 0.998171 -0.0604292 -9.98738 -0.676195 0.0435158 0.735436 97.1593
0.737374 0.0376014 0.674437 135.992 0.00204822 0.99832 -0.057898 -10.0246 -0.675482 0.0440739 0.736059 97.7334
0.737652 0.0366362 0.674186 136.729 0.00193695 0.998408 -0.0563741 -10.0809 -0.675178 0.0428904 0.736407 98.5343
0.737484 0.036977 0.674352 137.414 0.000550607 0.998467 -0.0553514 -10.1303 -0.675365 0.041192 0.736332 99.2786
0.736908 0.0393913 0.674844 138.033 -0.00129368 0.998381 -0.0568638 -10.176 -0.675992 0.0410304 0.735766 99.9499
0.735355 0.04352 0.676284 138.653 -0.00501101 0.998258 -0.0587908 -10.2189 -0.677664 0.0398432 0.734291 100.62
0.733466 0.0466842 0.678121 139.281 -0.00825166 0.998177 -0.0597929 -10.2631 -0.679676 0.0382604 0.732514 101.293
0.731571 0.0500387 0.679927 139.955 -0.0130746 0.998149 -0.0593904 -10.3138 -0.68164 0.0345585 0.730871 102.015
0.729173 0.0508189 0.68244 140.662 -0.0147422 0.998174 -0.0585787 -10.363 -0.684171 0.0326533 0.728591 102.763
0.72697 0.0506251 0.6848 141.311 -0.0154873 0.998234 -0.0573552 -10.4124 -0.686494 0.0310898 0.72647 103.443
0.724196 0.0492765 0.687832 142.085 -0.0165894 0.9984 -0.0540592 -10.4644 -0.689395 0.0277387 0.723854 104.251
0.721259 0.0451185 0.691194 142.761 -0.0122358 0.99855 -0.0524136 -10.5113 -0.692557 0.0293465 0.720766 104.941
0.718204 0.0494228 0.694075 143.413 -0.0132262 0.998264 -0.0573972 -10.5597 -0.695707 0.032043 0.717611 105.6
0.714789 0.0600184 0.69676 144.158 -0.0177699 0.997548 -0.0676983 -10.6173 -0.699114 0.0360087 0.714103 106.363
0.711154 0.0653756 0.69999 144.78 -0.0199999 0.997145 -0.0728096 -10.665 -0.702752 0.0377791 0.710431 106.991
0.706776 0.0634743 0.704584 145.525 -0.0227419 0.99749 -0.0670489 -10.7298 -0.707072 0.0313649 0.706446 107.734
0.702972 0.0620855 0.708503 146.3 -0.0258646 0.997755 -0.0617698 -10.7965 -0.710748 0.0250972 0.702999 108.505
0.698994 0.0614886 0.712479 146.992 -0.0270774 0.997858 -0.0595525 -10.8507 -0.714615 0.0223347 0.699161 109.181
0.695499 0.0611117 0.715924 147.56 -0.0266976 0.997886 -0.0592443 -10.8913 -0.718031 0.0220909 0.69566 109.722
0.692337 0.0598103 0.719091 148.172 -0.0249053 0.997946 -0.0590253 -10.9344 -0.721144 0.0229562 0.692405 110.296
0.689719 0.058623 0.7217 148.89 -0.0211277 0.997922 -0.0608688 -10.9879 -0.723769 0.0267345 0.689524 110.962
0.686238 0.0580255 0.725059 149.573 -0.0171293 0.997826 -0.0636426 -11.0385 -0.727175 0.0312542 0.68574 111.587
0.682189 0.0587273 0.728814 150.202 -0.014816 0.997675 -0.0665238 -11.0817 -0.731026 0.0345838 0.681473 112.137
0.678376 0.0594047 0.73231 150.898 -0.0148626 0.997632 -0.0671595 -11.1254 -0.734565 0.0346754 0.677652 112.734
0.674655 0.0610395 0.735605 151.6 -0.0170164 0.997596 -0.0671728 -11.1742 -0.737937 0.0328011 0.674072 113.349
0.6693 0.060917 0.740491 152.334 -0.0167996 0.997619 -0.0668854 -11.2284 -0.742802 0.0323265 0.66873 113.977
0.663593 0.063955 0.745355 152.911 -0.019013 0.997459 -0.0686594 -11.266 -0.747852 0.0313905 0.663123 114.464
0.656605 0.0706799 0.750916 153.625 -0.0236602 0.99704 -0.0731578 -11.32 -0.753864 0.030269 0.656333 115.073
0.650115 0.0764444 0.755981 154.377 -0.025153 0.996546 -0.0791396 -11.38 -0.75942 0.0324347 0.649792 115.701
0.64292 0.0782958 0.761921 155.052 -0.0249114 0.996373 -0.0813677 -11.4304 -0.765528 0.0333324 0.642539 116.246
0.637216 0.0727022 0.767248 155.862 -0.0266099 0.997023 -0.0723748 -11.4964 -0.770226 0.025702 0.637253 116.893
0.630101 0.0682461 0.773508 156.541 -0.0321947 0.99757 -0.0617891 -11.5535 -0.775845 0.0140305 0.630767 117.426
0.622837 0.0611883 0.779955 157.342 -0.0314814 0.99809 -0.0531615 -11.6168 -0.781718 0.00855681 0.623573 118.047
0.614987 0.0635324 0.785974 158.062 -0.03621 0.997973 -0.0523363 -11.6597 -0.787706 0.00372604 0.616041 118.595
0.606024 0.0647266 0.792808 158.83 -0.0344132 0.997884 -0.0551639 -11.7035 -0.794701 0.00614756 0.606969 119.161
0.599117 0.066008 0.797936 159.55 -0.0298131 0.997744 -0.0601521 -11.7519 -0.800106 0.0122492 0.599733 119.668
0.591697 0.0741057 0.802747 160.239 -0.0291401 0.997081 -0.0705669 -11.798 -0.805634 0.0183621 0.592129 120.151
0.584476 0.0756496 0.807876 160.939 -0.0247584 0.996843 -0.0754325 -11.8511 -0.811033 0.0240868 0.584505 120.629
0.577085 0.0711044 0.813583 161.788 -0.0220504 0.997196 -0.0715109 -11.9264 -0.816387 0.023328 0.577034 121.211
0.570446 0.0648509 0.818771 162.508 -0.0174961 0.997611 -0.0668263 -11.9906 -0.821149 0.0237955 0.570218 121.675
0.564077 0.0644359 0.823204 163.386 -0.0161664 0.997621 -0.0670107 -12.0622 -0.825564 0.024491 0.563777 122.247
0.557122 0.0640765 0.827955 164.184 -0.0148206 0.997627 -0.067235 -12.1275 -0.830298 0.0251874 0.55675 122.765
0.550124 0.0636114 0.832657 164.961 -0.0133238 0.997636 -0.0674123 -12.1908 -0.834977 0.025991 0.549671 123.265
0.544192 0.0579585 0.836957 165.724 -0.0090373 0.997958 -0.0632316 -12.2523 -0.838912 0.0268463 0.543604 123.735
0.539476 0.0547768 0.840217 166.556 -0.00850569 0.998185 -0.059614 -12.3135 -0.841958 0.0250137 0.538963 124.256
0.534697 0.0539164 0.843322 167.388 -0.00982684 0.998292 -0.0575935 -12.371 -0.844987 0.0225079 0.534313 124.775
0.53028 0.0569629 0.845907 168.12 -0.0104317 0.998103 -0.0606724 -12.4264 -0.847758 0.0233491 0.529868 125.229
0.526359 0.060696 0.848093 168.912 -0.00965972 0.997811 -0.0654158 -12.4884 -0.850207 0.0262399 0.525794 125.709
0.523618 0.0659221 0.849399 169.652 -0.00965201 0.997397 -0.0714582 -12.5456 -0.851899 0.0292184 0.522891 126.16
0.5198 0.0682899 0.851554 170.391 -0.0122024 0.997292 -0.0725288 -12.6041 -0.854201 0.0273095 0.519226 126.611
