1 0 0 0 0 1 0 0 0 0 1 0
1 7.58737e-06 8.99419e-05 -9.11858e-05 -7.58737e-06 1 0.000103189 -0.000138626 -8.99419e-05 -0.000103189 1 5.68872e-05
1 0.000117259 2.97449e-05 7.5257e-05 -0.000117259 1 -0.000144039 1.03723e-05 -2.97449e-05 0.000144039 1 0.000135583
1 0.000230675 -3.2497e-05 0.000203823 -0.000230675 1 -2.14363e-05 -0.000178265 3.2497e-05 2.14363e-05 1 3.85099e-05
1 0.000180227 1.66396e-05 -0.000116034 -0.000180222 1 -0.000226684 -4.14678e-05 -1.66975e-05 0.00022668 1 5.4886e-05
1 0.000313586 0.00016411 1.36563e-05 -0.000313585 1 -9.3818e-06 -0.000473943 -0.000164113 9.33286e-06 1 0.000297789
1 0.000402972 0.000301608 0.000197564 -0.000403051 1 0.00022182 -0.000985797 -0.000301502 -0.000221963 1 0.000639056
1 -0.000175985 0.000556676 0.000144463 0.000176324 1 -0.000656286 6.05336e-05 -0.000556569 0.000656377 1 0.000110466
1 0.000623675 -0.000176387 0.00017733 -0.000623666 1 4.69589e-05 -0.000286561 0.00017642 -4.68346e-05 1 0.000422223
1 0.000107803 0.00057086 -0.000303808 -0.000108087 1 0.000454405 -0.00151462 -0.000570807 -0.000454472 1 0.000678106
1 -3.16161e-05 0.000328156 -4.91434e-05 3.14975e-05 1 0.000344063 -0.00104524 -0.000328167 -0.000344052 1 0.000439572
1 2.49013e-05 0.000217785 -0.000250613 -2.47789e-05 1 -0.000549198 0.000295973 -0.000217799 0.000549192 1 0.000228495
1 -0.000220589 0.000232416 -4.53635e-05 0.000220581 1 3.01325e-05 -0.000561653 -0.000232424 -3.00735e-05 1 0.000174104
1 4.0277e-05 0.000583441 0.000265504 -4.02777e-05 1 1.02332e-06 -0.000526306 -0.000583441 -1.04789e-06 1 0.000603113
0.999999 0.000209985 0.00102223 0.000517194 -0.000209953 1 -3.19528e-05 -0.000463665 -0.00102224 3.17416e-05 0.999999 0.00105121
0.999989 0.000154349 0.00477761 0.000498689 -0.000155742 1 0.000291617 -0.000182065 -0.00477756 -0.000292357 0.999989 0.000775669
0.999995 -0.000675485 0.00306012 -0.00291325 0.000678462 0.999999 -0.000976077 0.00127099 -0.00305946 0.000978139 0.999995 -0.000287389
0.999996 -0.00112833 0.00251946 0.00221132 0.00112658 0.999999 0.000695816 -0.00536153 -0.00252025 -0.000692974 0.999997 0.00138172
0.999998 -0.00078962 0.00167959 0.000816331 0.000791192 0.999999 -0.000946763 -9.78602e-06 -0.00167885 0.000948075 0.999998 0.000904109
0.999999 -0.00115005 0.00067138 0.000538555 0.00115126 0.999998 -0.00179595 0.00113928 -0.00066931 0.00179673 0.999998 0.00115382
0.999999 -0.000739131 0.00153631 0.00131463 0.000738509 1 0.000401461 -0.000326196 -0.00153661 -0.000400314 0.999999 0.00178453
0.999999 -0.000920359 0.00145424 0.00180788 0.000919569 0.999999 0.000551854 0.000249118 -0.00145474 -0.000550536 0.999999 0.00352478
0.999997 -0.000414026 0.00235464 0.000965102 0.00041329 1 0.000311578 -0.00101567 -0.00235477 -0.0003106 0.999997 0.000971296
0.999999 -0.000420158 0.00160139 0.00331955 0.00041841 0.999999 0.00109008 -0.00119786 -0.00160184 -0.0010894 0.999998 0.000570643
0.999995 -0.00107533 0.00282704 0.00161334 0.00107161 0.999999 0.00132142 -0.00295074 -0.00282845 -0.00131839 0.999995 0.00061076
0.999999 -0.000605682 0.00162082 0.00278685 0.000603756 0.999999 0.00118467 -0.00231234 -0.00162154 -0.00118368 0.999998 0.00148533
0.999999 -0.000829941 0.00112731 0.00428952 0.000827894 0.999998 0.00180559 -0.00329806 -0.00112881 -0.00180465 0.999998 0.00155607
0.999997 -9.38168e-05 0.00229222 0.000625084 9.55085e-05 1 -0.000732747 0.00102826 -0.00229215 0.000732965 0.999997 0.00123321
0.999998 0.00114033 0.00150542 0.00263255 -0.00114091 0.999999 0.000381717 -0.000678644 -0.00150498 -0.000383426 0.999999 0.00134267
0.999999 0.000623036 0.00144301 0.00247112 -0.000623095 1 4.01985e-05 -0.0008539 -0.00144299 -4.11089e-05 0.999999 0.000198718
0.999997 0.00130969 0.00225128 0.00167546 -0.00131024 0.999999 0.000244066 -0.000692432 -0.00225096 -0.000246994 0.999997 0.000988353
0.999998 0.000949083 0.00170307 0.00248879 -0.00094875 1 -0.000197528 0.0002763 -0.00170326 0.000195923 0.999999 0.00040136
0.999998 0.00121678 0.00182795 0.00231352 -0.0012172 0.999999 0.000226512 -0.000161998 -0.00182767 -0.000228743 0.999998 0.00052491
0.999998 0.00118323 0.00164183 0.00226472 -0.00118365 0.999999 0.0002533 -0.000145391 -0.00164153 -0.000255248 0.999999 0.000177461
0.999997 0.00126928 0.00186988 0.00222354 -0.00126947 0.999999 9.83208e-05 0.00018642 -0.00186975 -0.000100698 0.999998 0.000531805
0.999998 0.00112681 0.00175621 0.00229811 -0.0011272 0.999999 0.00022238 -0.000161263 -0.00175596 -0.000224362 0.999998 0.000515883
0.999998 0.000970662 0.00160498 0.00237691 -0.000971233 0.999999 0.00034988 -0.000459223 -0.00160463 -0.000351461 0.999999 0.000503387
0.999998 0.00114221 0.00167935 0.00204423 -0.00114345 0.999999 0.000743218 -0.000733699 -0.00167851 -0.000745125 0.999998 4.84172e-05
0.999997 0.00121575 0.0019096 0.00170935 -0.00121675 0.999999 0.000528465 -0.000105249 -0.00190896 -0.00053077 0.999998 0.000694157
0.999998 0.00149996 0.00139379 0.00261933 -0.00150051 0.999999 0.000395204 0.000146793 -0.0013932 -0.000397266 0.999999 0.000697164
0.999998 0.00102009 0.00147195 0.0026446 -0.0010199 0.999999 -0.000131743 0.000306545 -0.00147208 0.000130244 0.999999 0.000669647
0.999998 0.00122818 0.00172868 0.00173003 -0.00122913 0.999999 0.000557391 -0.00090222 -0.001728 -0.000559496 0.999998 0.000626114
0.999997 0.00114604 0.00197939 0.00090209 -0.00114784 0.999999 0.000904865 -0.00158661 -0.00197835 -0.000907145 0.999998 0.000582617
0.999997 0.00176054 0.00144308 0.00239999 -0.00176223 0.999998 0.00116105 -0.00156147 -0.00144102 -0.0011636 0.999998 0.000912276
0.999998 0.00153632 0.00149539 0.00251376 -0.00153679 0.999999 0.000318357 4.98624e-05 -0.0014949 -0.00032063 0.999999 0.000728959
0.999998 0.00151467 0.00160552 0.00225629 -0.00151501 0.999999 0.00021706 0.000383843 -0.00160519 -0.000219476 0.999999 0.000785059
0.999997 0.00169752 0.00172979 0.00212757 -0.00169819 0.999998 0.000382178 3.0473e-05 -0.00172913 -0.000385143 0.999998 0.0011941
0.999997 0.00160388 0.0015825 0.0022757 -0.0016045 0.999999 0.000384028 6.87782e-05 -0.00158188 -0.000386576 0.999999 0.000679084
0.999998 0.0014729 0.0013878 0.00253325 -0.00147345 0.999999 0.000391673 0.000113028 -0.00138721 -0.000393737 0.999999 0.00019583
0.999998 0.00137952 0.00138625 0.00306537 -0.00138016 0.999999 0.000453842 -0.00037768 -0.00138562 -0.000455765 0.999999 0.000486
0.999998 0.00140392 0.0013845 0.00268581 -0.00140449 0.999999 0.000409552 -8.58348e-05 -0.00138392 -0.000411494 0.999999 0.00054982
0.999998 0.00139827 0.00132867 0.00281052 -0.00139861 0.999999 0.000253279 6.76599e-05 -0.00132831 -0.000255151 0.999999 0.000529156
0.999997 0.00198394 0.00131534 0.00264602 -0.00198403 0.999998 6.42827e-05 -0.000308676 -0.00131521 -6.69159e-05 0.999999 0.000234853
0.999996 0.00187559 0.00194679 0.0012629 -0.00187856 0.999997 0.00151699 -0.00268014 -0.00194392 -0.00152066 0.999997 0.000181889
0.999997 0.00157561 0.00158663 0.00196063 -0.00157415 0.999998 -0.000920476 -0.000740382 -0.00158807 0.000917978 0.999998 0.000402716
0.999997 0.0015469 0.00165845 0.00151109 -0.00154629 0.999999 -0.000369228 -0.000899425 -0.00165901 0.000366679 0.999999 0.000191041
0.999998 0.00148621 0.00143287 0.00224258 -0.00148611 0.999999 -6.50346e-05 -0.000231521 -0.00143297 6.28923e-05 0.999999 0.00088167
0.999998 0.00144486 0.00114915 0.00287692 -0.00144508 0.999999 0.000192754 0.000406567 -0.00114887 -0.000194419 0.999999 0.00154266
0.999999 0.000742401 0.00118963 0.00227774 -0.00074242 1 1.63593e-05 -0.00369637 -0.00118961 -1.72159e-05 0.999999 0.000783296
0.999998 0.00158101 0.00139143 0.00160972 -0.00158148 0.999999 0.000336301 -0.00331405 -0.0013909 -0.000338491 0.999999 0.000408077
0.999997 0.00180066 0.00171883 0.000387546 -0.00180121 0.999998 0.000317819 -0.00300872 -0.00171825 -0.000320923 0.999998 0.000904265
0.999998 0.00153549 0.00101905 0.00163891 -0.00153578 0.999999 0.000292187 -0.00303746 -0.0010186 -0.000293741 0.999999 0.000664522
0.999999 0.00129153 0.000663015 0.00237823 -0.0012917 0.999999 0.000262682 -0.00306646 -0.00066268 -0.000263525 1 0.000500506
0.999998 0.00160871 0.00121691 0.000739629 -0.0016096 0.999998 0.000721916 -0.00403118 -0.00121573 -0.000723898 0.999999 0.000390387
0.999998 0.00147584 0.000950414 0.00108603 -0.00147497 0.999999 -0.000909088 -0.00373545 -0.000951763 0.000907675 0.999999 0.00071737
0.999999 0.00134386 0.000777617 0.00155098 -0.00134225 0.999997 -0.00206541 -0.00352056 -0.000780391 0.00206436 0.999998 0.0015076
0.999998 0.00176095 0.000848804 0.0018629 -0.00176123 0.999998 0.000329657 -0.00484307 -0.000848222 -0.000331153 1 0.000648095
0.999999 0.00134674 0.00104528 0.000551863 -0.00134658 0.999999 -0.000148373 -0.00387347 -0.00104548 0.00014694 0.999999 0.00122847
0.999998 0.00154145 0.0011256 0.00024254 -0.00154037 0.999998 -0.000968899 -0.00219833 -0.00112708 0.000967183 0.999999 0.00143069
0.999998 0.0018364 0.00123051 -1.96122e-05 -0.00183381 0.999996 -0.00210859 -0.00106863 -0.00123437 0.00210634 0.999997 0.00154729
0.999999 0.00117533 0.000722105 0.000784068 -0.00117476 0.999999 -0.000806852 -0.00456564 -0.000723034 0.00080602 0.999999 0.000544357
0.999999 0.000933991 0.000525229 0.0015687 -0.000933953 1 -7.05347e-05 -0.00497528 -0.000525297 7.00275e-05 1 0.000593618
0.999998 0.0012326 0.00157516 -0.00111112 -0.00123101 0.999999 -0.00101603 -0.00458071 -0.0015764 0.0010141 0.999998 0.000262501
0.999999 0.00104746 0.000457822 0.00136522 -0.00104592 0.999994 -0.00335238 -0.00313098 -0.000461323 0.0033519 0.999994 0.000301292
0.999999 0.000951547 0.00107601 0.000320498 -0.000948504 0.999996 -0.00281092 -0.0040107 -0.0010787 0.00280989 0.999995 0.00085234
0.999999 0.00104538 0.0011195 0.000144826 -0.00104275 0.999997 -0.00236267 -0.00404874 -0.00112195 0.00236151 0.999997 0.00058481
0.999999 0.00120115 0.00114732 9.19112e-06 -0.00119881 0.999997 -0.00203761 -0.0040862 -0.00114977 0.00203623 0.999997 0.000320172
1 0.000512321 0.000238842 0.00161202 -0.00051168 0.999996 -0.00268726 -0.00499102 -0.000240213 0.00268714 0.999996 1.79413e-05
0.999999 0.00114064 0.00128543 4.45666e-05 -0.0011357 0.999992 -0.00382615 -0.00258529 -0.0012898 0.00382468 0.999992 0.00181857
1 0.000289728 0.000923632 0.000171351 -0.000287174 0.999996 -0.00276679 -0.00605006 -0.000924429 0.00276652 0.999996 4.79942e-05
0.999999 0.000525828 0.00119723 0.000857951 -0.000522882 0.999997 -0.00245405 -0.0058607 -0.00119852 0.00245342 0.999996 0.000330769
0.999998 0.00113761 0.0013776 0.000703959 -0.00113404 0.999996 -0.00257889 -0.00530297 -0.00138054 0.00257731 0.999996 0.000511008
0.999999 0.000628397 0.00103365 0.00119901 -0.000625779 0.999997 -0.00253098 -0.00640481 -0.00103524 0.00253034 0.999996 -0.000161163
1 0.000182506 0.000672305 0.0015638 -0.000180872 0.999997 -0.00245163 -0.00694867 -0.000672746 0.00245151 0.999997 -0.000557311
0.999999 0.000314949 0.00149084 0.000423526 -0.000311246 0.999997 -0.00246772 -0.0062706 -0.00149162 0.00246725 0.999996 0.000206859
0.999998 0.00116143 0.0016046 0.000221458 -0.00115669 0.999995 -0.00295915 -0.00673508 -0.00160802 0.00295729 0.999994 -0.000228903
0.999999 0.000276244 0.00117371 0.000636987 -0.000272731 0.999996 -0.00297844 -0.00642586 -0.00117453 0.00297812 0.999995 -0.000438612
0.999999 1.72183e-05 0.00107113 0.000632192 -1.35153e-05 0.999994 -0.00346169 -0.0059923 -0.00107119 0.00346168 0.999993 0.00025281
0.999999 7.31515e-05 0.00106702 0.000267677 -6.98522e-05 0.999995 -0.00310135 -0.00699763 -0.00106724 0.00310127 0.999995 6.6075e-06
0.999999 0.000147004 0.00105741 3.67754e-05 -0.000144469 0.999997 -0.00241221 -0.00796081 -0.00105776 0.00241206 0.999997 -0.00048364
1 -0.000198645 0.000329006 0.00191406 0.000199807 0.999994 -0.00353013 -0.00445467 -0.000328301 0.00353019 0.999994 0.000891057
0.999996 0.00201988 0.0017775 -1.22446e-05 -0.00201579 0.999995 -0.00229885 -0.00557792 -0.00178214 0.00229526 0.999996 0.00128666
0.999998 0.00130857 0.00154878 0.000459355 -0.00130586 0.999998 -0.00175444 -0.00544656 -0.00155106 0.00175243 0.999997 0.000225497
0.999996 0.00231834 0.00163459 0.0010876 -0.00231634 0.999997 -0.00122112 -0.0073239 -0.00163742 0.00121733 0.999998 5.56271e-05
0.999999 -0.000315698 0.000959179 0.000370103 0.000317306 0.999999 -0.0016628 -0.00652944 -0.000958649 0.0016631 0.999998 0.000455733
1 -0.000758653 0.000638072 0.000441912 0.000758582 1 0.000115393 -0.00893085 -0.000638156 -0.00011493 1 0.0003778
0.999998 0.00123106 0.00181762 -0.00055833 -0.00122514 0.999994 -0.00324898 -0.00516617 -0.00182161 0.00324675 0.999993 0.000224068
1 0.000732049 0.000597592 0.00355798 -0.000729195 0.999988 -0.00476999 -0.00374511 -0.000601071 0.00476955 0.999988 0.000721253
1 -0.000286049 0.000486177 0.00208638 0.000287274 0.999997 -0.00252312 -0.00556754 -0.000485455 0.00252326 0.999997 0.000118161
1 -0.000273992 0.000359489 0.00192308 0.000274829 0.999997 -0.00231541 -0.00599907 -0.00035885 0.00231551 0.999997 -0.000197712
0.999996 0.00112676 0.00255887 0.00233495 -0.00111781 0.999993 -0.00349089 -0.00687566 -0.00256279 0.00348802 0.999991 0.000247452
0.999978 -5.44069e-05 0.00658847 0.00168356 8.7586e-05 0.999987 -0.00503272 -0.00730108 -0.00658811 0.00503319 0.999966 2.8554e-06
0.999954 -0.000187286 0.00964492 0.00127978 0.000257879 0.999973 -0.00732047 -0.00762955 -0.00964329 0.00732261 0.999927 -0.000174456
0.999949 -0.00115901 0.0100201 0.000409684 0.00124204 0.999965 -0.00828456 -0.011182 -0.0100102 0.00829659 0.999915 0.00111368
0.999926 -0.00326035 0.0117051 -0.000650034 0.00339619 0.999927 -0.0116045 -0.0135573 -0.0116664 0.0116434 0.999864 0.00213839
0.99991 -0.00659276 0.0117137 0.0011596 0.00684413 0.999744 -0.0215482 -0.0175436 -0.0115686 0.0216265 0.999699 0.00742233
0.999872 -0.0103423 0.0122337 0.00065384 0.0106985 0.99951 -0.0294151 -0.0217153 -0.0119235 0.0295422 0.999492 0.0105551
0.999858 -0.00914325 0.0141625 -0.000814164 0.00963087 0.99935 -0.0347534 -0.0349064 -0.0138355 0.0348849 0.999296 0.0143113
0.999844 -0.00826329 0.0156201 -0.00283738 0.00885592 0.999229 -0.0382603 -0.0398931 -0.0152919 0.0383927 0.999146 0.0173602
0.999714 -0.0215257 0.0103791 -0.00421786 0.0219536 0.998832 -0.0430447 -0.0576798 -0.00944041 0.0432603 0.999019 0.0220431
0.999663 -0.0239689 0.00998079 -0.00912657 0.0244247 0.998531 -0.048374 -0.0726523 -0.00880665 0.0486015 0.998779 0.0290595
0.999633 -0.0259833 0.00764579 -0.0109369 0.0263761 0.998038 -0.0567783 -0.095194 -0.0061555 0.0569592 0.998358 0.0328616
0.999582 -0.0283816 0.00549708 -0.0125394 0.0286817 0.997428 -0.0656863 -0.113874 -0.00361866 0.0658165 0.997825 0.0373605
0.999665 -0.0250086 0.00666672 -0.0139667 0.0253657 0.997856 -0.0603343 -0.13581 -0.00514356 0.0604832 0.998156 0.0390202
0.999671 -0.0247174 0.00678895 -0.0149288 0.0250906 0.997768 -0.0618872 -0.150267 -0.00524412 0.0620372 0.99806 0.0421041
0.999713 -0.0228299 0.00722238 -0.0154774 0.0232164 0.997992 -0.0589357 -0.159842 -0.00586238 0.0590865 0.998236 0.0445788
0.999739 -0.0217355 0.00704541 -0.0165481 0.0220987 0.998164 -0.0563904 -0.175734 -0.00580682 0.0565313 0.998384 0.049223
0.999758 -0.0203989 0.00828536 -0.0184064 0.0208556 0.998016 -0.0593992 -0.167433 -0.00705725 0.0595576 0.9982 0.0553784
0.999775 -0.0192825 0.00879781 -0.020546 0.0197517 0.998191 -0.0567823 -0.164863 -0.007687 0.0569433 0.998348 0.0622995
0.999796 -0.0182026 0.00872837 -0.0228725 0.0186661 0.998237 -0.0563402 -0.157346 -0.00768743 0.0564917 0.998373 0.0672494
0.999791 -0.0190459 0.00744539 -0.0221839 0.0194126 0.998419 -0.052754 -0.155018 -0.00642885 0.0528875 0.99858 0.075591
0.999784 -0.0197806 0.00630818 -0.0211371 0.0200783 0.998484 -0.0512508 -0.153357 -0.00528485 0.0513664 0.998666 0.0811351
0.999743 -0.0211827 0.00813425 -0.0246318 0.0215617 0.99853 -0.0497369 -0.149337 -0.00706871 0.0498995 0.998729 0.0867859
0.999702 -0.0236891 0.00595644 -0.0240827 0.0239584 0.998454 -0.0501651 -0.151613 -0.00475888 0.0502928 0.998723 0.0891535
0.999722 -0.0227083 0.00636282 -0.0268832 0.0229576 0.998841 -0.0423156 -0.154887 -0.00539454 0.0424499 0.999084 0.0917896
0.99975 -0.0214678 0.00629554 -0.0260944 0.0217408 0.998655 -0.0470735 -0.154883 -0.00527649 0.0471986 0.998872 0.0946216
0.999781 -0.0197569 0.00695263 -0.0275009 0.020068 0.998648 -0.047959 -0.154858 -0.0059957 0.048088 0.998825 0.0984304
0.999741 -0.0219288 0.00600777 -0.0250467 0.0221597 0.998892 -0.0415223 -0.165393 -0.00509057 0.0416447 0.99912 0.0971531
0.999776 -0.0204774 0.00537826 -0.0257494 0.0206867 0.998892 -0.0422645 -0.167853 -0.00450682 0.0423663 0.999092 0.0954082
0.99974 -0.0218655 0.00645122 -0.0265841 0.0221391 0.998699 -0.0459273 -0.17099 -0.00543859 0.0460581 0.998924 0.0958709
0.999712 -0.0231774 0.00619607 -0.0261774 0.0234314 0.998727 -0.0446688 -0.17865 -0.00515289 0.0448011 0.998983 0.0936871
0.999683 -0.0244831 0.00593123 -0.0257397 0.0247174 0.998756 -0.0433086 -0.189358 -0.00486354 0.0434414 0.999044 0.0919871
0.999712 -0.0232698 0.00586567 -0.0242006 0.0234926 0.998871 -0.0412963 -0.196679 -0.00489811 0.0414222 0.99913 0.0902348
0.999731 -0.0222988 0.00641667 -0.0242624 0.022519 0.999077 -0.036582 -0.20347 -0.005595 0.0367166 0.99931 0.0879312
0.999743 -0.0216344 0.00681243 -0.0242791 0.0218406 0.999255 -0.0318138 -0.207872 -0.00611909 0.0319544 0.999471 0.0850355
0.999723 -0.0228374 0.00572771 -0.0208513 0.0228648 0.999727 -0.00477308 -0.214388 -0.00561715 0.00490271 0.999972 0.081467
0.999725 -0.0229454 0.00478791 -0.0191501 0.0228895 0.999673 0.0114357 -0.218494 -0.00504874 -0.0113229 0.999923 0.0756143
0.999877 -0.0114429 0.0107661 -0.0236891 0.0112408 0.999763 0.0186433 -0.223722 -0.0109769 -0.01852 0.999768 0.0708023
0.999927 -0.00704924 0.00980106 -0.0100604 0.00683202 0.999734 0.0220227 -0.238402 -0.00995369 -0.0219541 0.999709 0.0702729
0.999788 0.00656222 0.0194952 -0.0137548 -0.00698229 0.999743 0.0215571 -0.246546 -0.0193487 -0.0216887 0.999578 0.0714371
0.999661 0.016975 0.0197506 -0.00747955 -0.0172754 0.999736 0.015141 -0.256575 -0.0194884 -0.0154771 0.99969 0.0768728
0.99948 0.0223468 0.0232535 -0.00784402 -0.0225245 0.999719 0.00740893 -0.26376 -0.0230814 -0.00792886 0.999702 0.0825796
0.999236 0.0286711 0.026567 -0.00816305 -0.0286652 0.999589 -0.000599857 -0.271857 -0.0265733 -0.000162168 0.999647 0.0871158
0.998963 0.0308005 0.0335421 -0.00814925 -0.0306849 0.999521 -0.00395468 -0.28733 -0.0336478 0.00292134 0.999429 0.0912332
0.999294 0.011414 0.0358048 -0.0162292 -0.0111878 0.999916 -0.00651328 -0.294811 -0.0358762 0.00610811 0.999338 0.0968211
0.998976 -0.00367986 0.0450983 -0.0291782 0.00406155 0.999957 -0.00837455 -0.307143 -0.0450656 0.00854915 0.998947 0.103564
0.998197 -0.0205931 0.0563774 -0.0383981 0.0212335 0.999716 -0.0107836 -0.319375 -0.0561394 0.0119613 0.998351 0.113925
0.996506 -0.0324357 0.07697 -0.049176 0.0334951 0.999361 -0.012513 -0.331527 -0.0765149 0.0150474 0.996955 0.1211
0.993699 -0.0454509 0.102455 -0.0603091 0.047024 0.998809 -0.0129894 -0.342012 -0.101742 0.0177253 0.994653 0.126222
0.9908 -0.0535044 0.124308 -0.0738464 0.0556706 0.998351 -0.0140161 -0.35076 -0.123353 0.0208075 0.992145 0.130312
0.986815 -0.0635602 0.148852 -0.0852429 0.0658783 0.99777 -0.0106897 -0.35471 -0.14784 0.0203548 0.988802 0.135895
0.98264 -0.0718361 0.171048 -0.0983825 0.074782 0.997141 -0.0108335 -0.360501 -0.169781 0.0234368 0.985203 0.14646
0.976473 -0.0837428 0.198715 -0.109414 0.0876136 0.996096 -0.010751 -0.368164 -0.197039 0.0279082 0.979998 0.155392
0.969167 -0.0887802 0.229854 -0.118217 0.0929831 0.995639 -0.00749635 -0.376161 -0.228186 0.0286378 0.973196 0.158938
0.966561 -0.0936764 0.238713 -0.125166 0.0979878 0.995168 -0.00623105 -0.383196 -0.236976 0.0294137 0.97107 0.16522
0.961883 -0.0968988 0.255717 -0.138545 0.101439 0.994831 -0.00459503 -0.38674 -0.25395 0.0303596 0.966741 0.173479
0.957478 -0.100647 0.270382 -0.155009 0.105415 0.994423 -0.00313152 -0.390857 -0.268559 0.0315008 0.962748 0.180612
0.955893 -0.102462 0.275264 -0.161255 0.10804 0.994133 -0.00513613 -0.398894 -0.273123 0.0346492 0.961355 0.186404
0.952206 -0.104384 0.287066 -0.167857 0.111039 0.993792 -0.00695129 -0.401779 -0.284558 0.0384945 0.957886 0.195287
0.950057 -0.108085 0.292763 -0.177393 0.114373 0.993428 -0.00439501 -0.40644 -0.290364 0.0376597 0.956175 0.199882
0.946075 -0.112557 0.303766 -0.191197 0.118762 0.992921 -0.00196452 -0.41499 -0.301394 0.0379343 0.952745 0.206106
0.941694 -0.121307 0.313841 -0.200232 0.125664 0.992052 0.0063921 -0.430588 -0.312122 0.033419 0.949454 0.210613
0.93697 -0.125698 0.326018 -0.212975 0.12825 0.991647 0.0137459 -0.437542 -0.325022 0.0289323 0.945264 0.213269
0.930618 -0.130499 0.341937 -0.22329 0.133063 0.990977 0.0160583 -0.439273 -0.340948 0.0305551 0.939586 0.21774
0.922616 -0.135477 0.361146 -0.228368 0.138245 0.990229 0.0182925 -0.439852 -0.360095 0.0330498 0.93233 0.220763
0.915714 -0.145239 0.374664 -0.238131 0.14862 0.988692 0.0200259 -0.441031 -0.373336 0.0373445 0.926944 0.227135
0.901785 -0.151988 0.404579 -0.259046 0.153347 0.987739 0.0292601 -0.454327 -0.404066 0.0356549 0.914035 0.22913
0.894499 -0.159092 0.417805 -0.268976 0.159856 0.986574 0.0334262 -0.458543 -0.417513 0.0368888 0.907922 0.232522
0.883709 -0.171881 0.435334 -0.292954 0.173753 0.984136 0.0358518 -0.451622 -0.43459 0.0439581 0.899555 0.236708
0.867193 -0.182131 0.463471 -0.328248 0.183924 0.982052 0.0417811 -0.45146 -0.462762 0.0490111 0.885126 0.246309
0.848727 -0.193557 0.492136 -0.342405 0.194472 0.979638 0.0499103 -0.451206 -0.491775 0.0533462 0.869086 0.244557
0.83084 -0.203988 0.517777 -0.362138 0.203615 0.977313 0.0583038 -0.450584 -0.517924 0.0569862 0.853526 0.243452
0.809028 -0.211345 0.548459 -0.388997 0.209941 0.97547 0.0662075 -0.448801 -0.548998 0.0615805 0.833552 0.249447
0.793424 -0.21985 0.567577 -0.40639 0.219034 0.973148 0.0707575 -0.44068 -0.567893 0.0681779 0.820274 0.254315
0.780877 -0.230907 0.580443 -0.422421 0.232086 0.969906 0.0736115 -0.422861 -0.579972 0.0772312 0.810967 0.256544
0.75758 -0.2392 0.607335 -0.448432 0.23906 0.967465 0.0828383 -0.418509 -0.60739 0.0824331 0.790115 0.250249
0.740784 -0.247106 0.624642 -0.4674 0.245271 0.965179 0.0909459 -0.421108 -0.625365 0.0858356 0.775597 0.251636
0.726947 -0.256911 0.636824 -0.494184 0.254751 0.962096 0.0973309 -0.4233 -0.637691 0.0914769 0.764841 0.253853
0.70747 -0.265391 0.655022 -0.518498 0.261283 0.959369 0.106496 -0.423267 -0.656672 0.0958036 0.748067 0.244573
0.68575 -0.268372 0.676553 -0.537027 0.262938 0.958108 0.113545 -0.417499 -0.678683 0.100028 0.727588 0.242145
0.670722 -0.277157 0.68798 -0.567739 0.271356 0.954949 0.120158 -0.413813 -0.690289 0.106095 0.715713 0.237797
0.655382 -0.280757 0.701178 -0.585328 0.276008 0.953166 0.123673 -0.398951 -0.703061 0.112478 0.702178 0.234597
0.645529 -0.285329 0.708435 -0.603327 0.279123 0.951563 0.128913 -0.3964 -0.710903 0.114523 0.693903 0.235248
0.633878 -0.290822 0.716674 -0.621113 0.282442 0.949659 0.135554 -0.395748 -0.720017 0.116494 0.684108 0.229214
0.61812 -0.301207 0.726087 -0.642347 0.29671 0.944749 0.139326 -0.392308 -0.727936 0.129317 0.673339 0.228459
0.599436 -0.304377 0.740291 -0.66386 0.298028 0.943248 0.146502 -0.390156 -0.74287 0.132809 0.65613 0.231832
0.579222 -0.310591 0.753681 -0.677802 0.308213 0.939378 0.150247 -0.377657 -0.754657 0.145268 0.639836 0.228005
0.557015 -0.309847 0.770538 -0.71128 0.309047 0.938499 0.15398 -0.381175 -0.77086 0.152364 0.618515 0.228355
0.533606 -0.314518 0.785075 -0.738858 0.321209 0.934089 0.155894 -0.367326 -0.782362 0.168987 0.599461 0.223007
0.512027 -0.321278 0.796624 -0.760246 0.331483 0.929483 0.161801 -0.352052 -0.792431 0.181221 0.582419 0.222477
0.496709 -0.325395 0.80461 -0.785618 0.33984 0.925954 0.164675 -0.337577 -0.798617 0.191643 0.570512 0.219234
0.464982 -0.333945 0.819923 -0.817656 0.345127 0.921234 0.179485 -0.337035 -0.815279 0.19952 0.54361 0.203656
0.444324 -0.336832 0.830133 -0.827149 0.346858 0.919036 0.187251 -0.338351 -0.825994 0.204738 0.525182 0.205141
0.422473 -0.335757 0.841893 -0.844713 0.34872 0.91757 0.190946 -0.322663 -0.836607 0.212916 0.504733 0.201279
0.400209 -0.337309 0.852089 -0.873173 0.355589 0.914107 0.194847 -0.298001 -0.844624 0.225014 0.485777 0.197335
0.377859 -0.340116 0.86113 -0.895441 0.36252 0.910172 0.200414 -0.28716 -0.85194 0.236448 0.467215 0.18991
0.341093 -0.34707 0.873612 -0.917092 0.374347 0.902627 0.212437 -0.265062 -0.862276 0.254573 0.437804 0.177479
0.306574 -0.352202 0.884288 -0.962585 0.377216 0.897912 0.226851 -0.25973 -0.873911 0.264021 0.408133 0.157094
0.277921 -0.352681 0.893519 -0.989308 0.385998 0.892766 0.232322 -0.252322 -0.879639 0.28033 0.384253 0.145826
0.253217 -0.354888 0.899964 -1.00058 0.391907 0.888159 0.239964 -0.241508 -0.884472 0.291939 0.36398 0.137619
0.229098 -0.355745 0.906068 -1.03011 0.397828 0.883755 0.246394 -0.217679 -0.888396 0.304011 0.343992 0.127922
0.206483 -0.35705 0.910977 -1.0449 0.402907 0.879469 0.253377 -0.211686 -0.891645 0.314721 0.325454 0.111722
0.192418 -0.360887 0.912544 -1.05737 0.409614 0.874572 0.259499 -0.200745 -0.891735 0.323859 0.316107 0.106336
0.169082 -0.362867 0.916373 -1.07985 0.410401 0.871242 0.269273 -0.182253 -0.896093 0.330551 0.296232 0.0897131
0.153515 -0.367321 0.917338 -1.08905 0.40875 0.8688 0.279482 -0.174442 -0.899643 0.332057 0.283516 0.0681657
0.131791 -0.370965 0.919248 -1.10012 0.404418 0.866772 0.291808 -0.162308 -0.905029 0.333303 0.264257 0.0493549
0.111105 -0.376183 0.91986 -1.107 0.40139 0.863723 0.304744 -0.156938 -0.909144 0.335364 0.24696 0.0327568
0.0977305 -0.383886 0.918194 -1.11714 0.399174 0.860266 0.31718 -0.154256 -0.911652 0.335521 0.237311 0.0196394
0.0876036 -0.383691 0.919297 -1.12858 0.396026 0.860197 0.321286 -0.145003 -0.914051 0.33592 0.227308 0.00551525
0.0779563 -0.384742 0.919726 -1.14253 0.394382 0.859183 0.325987 -0.134751 -0.915634 0.337311 0.218714 -0.00420466
0.0723263 -0.382379 0.921171 -1.15436 0.39838 0.85779 0.32479 -0.125852 -0.914364 0.343485 0.214373 -0.0026481
0.0611646 -0.380531 0.922743 -1.16469 0.399002 0.856717 0.326854 -0.11631 -0.914908 0.348185 0.204233 -0.00523183
0.0600017 -0.37796 0.923876 -1.17432 0.397393 0.85808 0.325234 -0.117867 -0.915685 0.347627 0.201685 -0.00582541
0.0560872 -0.375704 0.925041 -1.18402 0.397779 0.858202 0.324439 -0.109793 -0.915765 0.349765 0.197581 -0.00268393
0.0528764 -0.374934 0.925543 -1.19641 0.40135 0.856666 0.324103 -0.103094 -0.914397 0.354329 0.195777 5.57519e-05
0.0505772 -0.381324 0.923057 -1.21183 0.401231 0.854132 0.330866 -0.0932577 -0.91458 0.353625 0.196199 0.000875438
0.0515775 -0.383367 0.922155 -1.22501 0.400629 0.853769 0.332529 -0.0893601 -0.914787 0.352291 0.197623 0.00361096
0.0554602 -0.390322 0.919006 -1.2358 0.40642 0.849546 0.336294 -0.0815826 -0.912002 0.354851 0.20575 0.00901846
0.0593082 -0.39381 0.917277 -1.24783 0.412357 0.846496 0.33676 -0.0708893 -0.90909 0.358272 0.212594 0.0227334
0.0613292 -0.397225 0.91567 -1.25903 0.418747 0.842996 0.337652 -0.0595271 -0.90603 0.362726 0.218037 0.031417
0.0633806 -0.398901 0.914801 -1.27005 0.424344 0.840426 0.33707 -0.0455094 -0.90328 0.366827 0.222538 0.0456814
0.0672693 -0.398398 0.914743 -1.28103 0.429463 0.839101 0.333872 -0.0359397 -0.900575 0.370389 0.227543 0.0633484
0.0694379 -0.395725 0.91574 -1.28955 0.426618 0.84156 0.33132 -0.0417533 -0.901762 0.367665 0.22726 0.0712745
0.0739449 -0.392874 0.916614 -1.2894 0.420767 0.845604 0.328495 -0.0472299 -0.90415 0.36139 0.227836 0.0774096
0.0764133 -0.390284 0.917518 -1.28882 0.416101 0.84873 0.32637 -0.0565433 -0.906102 0.356842 0.227252 0.0847407
0.0811615 -0.38517 0.91927 -1.29977 0.403407 0.856085 0.32308 -0.0684487 -0.911414 0.344618 0.224861 0.0934906
0.0846126 -0.38057 0.920873 -1.30808 0.396748 0.860633 0.31922 -0.0804655 -0.914019 0.338345 0.223811 0.103224
0.0884116 -0.378675 0.921297 -1.30756 0.391619 0.86365 0.317399 -0.0896905 -0.91587 0.332736 0.224653 0.111915
0.0912578 -0.375449 0.92234 -1.3076 0.386898 0.86681 0.314564 -0.103395 -0.917596 0.328145 0.224363 0.128689
0.0883452 -0.375176 0.922734 -1.31792 0.386284 0.866767 0.315436 -0.107963 -0.918139 0.32857 0.221499 0.138559
0.0951494 -0.368477 0.924755 -1.31183 0.38247 0.871198 0.307784 -0.104905 -0.919056 0.324406 0.223825 0.143391
0.0867746 -0.36734 0.92603 -1.32057 0.382384 0.870618 0.309527 -0.105665 -0.91992 0.32724 0.216012 0.14652
0.0739787 -0.365536 0.927853 -1.32867 0.385815 0.868444 0.31137 -0.1008 -0.919605 0.334945 0.205276 0.146325
0.0626218 -0.360667 0.93059 -1.33707 0.390569 0.866913 0.309705 -0.0953787 -0.918441 0.344066 0.195153 0.144469
0.0445825 -0.352233 0.93485 -1.32411 0.40449 0.862009 0.305498 -0.0668647 -0.913455 0.364517 0.180905 0.145159
0.019034 -0.345894 0.938081 -1.35041 0.407242 0.859575 0.308684 -0.0684341 -0.913122 0.37615 0.157224 0.128412
-0.00273443 -0.345435 0.938439 -1.3506 0.408383 0.856234 0.316366 -0.0622918 -0.912807 0.384107 0.138728 0.111988
-0.0193096 -0.342803 0.939209 -1.35071 0.409639 0.854206 0.3202 -0.0532388 -0.912043 0.390919 0.123931 0.0900198
-0.0444674 -0.347575 0.936597 -1.36168 0.40747 0.849686 0.334667 -0.0236309 -0.912135 0.396517 0.103843 0.0378697
-0.0642277 -0.35143 0.934008 -1.36254 0.408564 0.844646 0.345902 -0.0117915 -0.910467 0.403818 0.0893318 0.017821
-0.0843906 -0.356304 0.930551 -1.3622 0.415517 0.836227 0.35787 0.00193852 -0.905662 0.416861 0.0774806 -0.00427569
-0.0948242 -0.365799 0.925851 -1.36155 0.419458 0.828769 0.370403 0.00986279 -0.902809 0.423478 0.0748499 -0.0191333
-0.107294 -0.37351 0.9214 -1.37438 0.421397 0.822306 0.38241 0.00835235 -0.900507 0.429306 0.0691671 -0.0378179
-0.115312 -0.383691 0.916234 -1.37388 0.42228 0.815953 0.394842 -0.000655561 -0.899101 0.432437 0.0679364 -0.0525544
-0.125124 -0.392773 0.911083 -1.37387 0.424766 0.808676 0.40696 -0.00928893 -0.896615 0.437918 0.0656518 -0.0633881
-0.129883 -0.392059 0.910725 -1.37556 0.427539 0.806587 0.408202 -0.0201132 -0.894618 0.442389 0.0628584 -0.075687
-0.139519 -0.393374 0.908731 -1.37368 0.430052 0.80257 0.413445 -0.0318294 -0.891958 0.448485 0.0571971 -0.0918663
-0.141769 -0.391734 0.909091 -1.37182 0.430278 0.802686 0.412984 -0.0492893 -0.891494 0.44971 0.0547591 -0.100528
-0.146175 -0.393097 0.907804 -1.36266 0.430939 0.800713 0.416114 -0.0628135 -0.890463 0.452033 0.052356 -0.106031
-0.148681 -0.393647 0.907158 -1.36006 0.433009 0.798818 0.417603 -0.0835421 -0.889043 0.454897 0.0516833 -0.115832
-0.149452 -0.38887 0.90909 -1.35022 0.428216 0.803265 0.414 -0.109838 -0.891233 0.45116 0.046471 -0.12517
-0.150601 -0.388136 0.909214 -1.33552 0.426424 0.804241 0.413957 -0.139197 -0.891898 0.450052 0.044391 -0.131648
-0.156104 -0.389959 0.907504 -1.33224 0.412858 0.808899 0.418606 -0.180436 -0.897318 0.440016 0.0347255 -0.147377
-0.152459 -0.391345 0.907527 -1.31023 0.399701 0.815399 0.418765 -0.212866 -0.903878 0.426584 0.0321061 -0.148147
-0.151229 -0.398714 0.90452 -1.29849 0.390654 0.816449 0.425207 -0.24524 -0.90803 0.417658 0.0322889 -0.160785
-0.151591 -0.400595 0.903628 -1.28611 0.379352 0.820607 0.42743 -0.278496 -0.91275 0.407588 0.0275695 -0.168993
-0.152818 -0.401781 0.902894 -1.28062 0.372452 0.822842 0.429197 -0.290665 -0.915383 0.401874 0.0238995 -0.168965
-0.154018 -0.400927 0.903071 -1.27239 0.380291 0.819515 0.428689 -0.295984 -0.911953 0.409455 0.026249 -0.156525
-0.155073 -0.404296 0.901386 -1.27312 0.383565 0.816203 0.432077 -0.301752 -0.910401 0.412744 0.0285025 -0.155103
-0.156336 -0.405698 0.900538 -1.26435 0.386774 0.813791 0.433763 -0.313848 -0.908826 0.416118 0.0296887 -0.150003
-0.158228 -0.406065 0.900042 -1.2631 0.387476 0.812873 0.434857 -0.326973 -0.9082 0.417551 0.028721 -0.140927
-0.155835 -0.401617 0.902451 -1.2469 0.382421 0.817836 0.429998 -0.341328 -0.910752 0.412125 0.0261395 -0.135774
-0.155293 -0.402011 0.90237 -1.23671 0.379721 0.818982 0.430209 -0.358933 -0.911974 0.409457 0.0254703 -0.122942
-0.155638 -0.402652 0.902024 -1.23424 0.375758 0.820373 0.431038 -0.382456 -0.913555 0.406028 0.0236185 -0.120246
-0.155666 -0.400487 0.902983 -1.22495 0.372934 0.822649 0.429148 -0.393576 -0.914707 0.403556 0.0212969 -0.113583
-0.154352 -0.399419 0.903682 -1.21051 0.369879 0.824771 0.427717 -0.407955 -0.916169 0.400272 0.0204318 -0.103617
-0.159446 -0.392951 0.905631 -1.2105 0.370485 0.826497 0.423843 -0.421301 -0.915051 0.403102 0.0138011 -0.0919963
-0.164668 -0.387783 0.906923 -1.20004 0.370577 0.82779 0.421232 -0.433309 -0.914088 0.405449 0.0073927 -0.0821005
-0.173464 -0.381554 0.907925 -1.20007 0.370274 0.828994 0.419126 -0.45036 -0.912583 0.408884 -0.00252093 -0.076109
-0.188988 -0.367942 0.910441 -1.18748 0.371522 0.831439 0.413135 -0.454386 -0.908986 0.416326 -0.0204335 -0.054535
-0.204301 -0.368154 0.907041 -1.17829 0.36713 0.830136 0.419632 -0.466465 -0.907456 0.418733 -0.0344371 -0.0677173
-0.21277 -0.374267 0.902581 -1.17725 0.361643 0.82797 0.42858 -0.477757 -0.907713 0.417601 -0.0408162 -0.0761685
-0.223726 -0.389453 0.893461 -1.17733 0.360054 0.818829 0.447081 -0.481773 -0.905708 0.421718 -0.0429695 -0.0820499
-0.231601 -0.394988 0.889014 -1.16785 0.35603 0.816043 0.455319 -0.489893 -0.905319 0.421968 -0.0483688 -0.0828845
-0.237953 -0.399573 0.885279 -1.16413 0.353949 0.813111 0.462137 -0.502089 -0.904488 0.42331 -0.0520542 -0.0817043
-0.241557 -0.401813 0.883287 -1.15173 0.351434 0.812228 0.465596 -0.512373 -0.904513 0.422885 -0.054989 -0.0817089
-0.249035 -0.400148 0.881966 -1.15175 0.352774 0.810617 0.467387 -0.518531 -0.90196 0.42753 -0.0607101 -0.0762779
-0.255397 -0.395674 0.882164 -1.15197 0.348168 0.81357 0.465707 -0.535308 -0.901971 0.426082 -0.0700223 -0.0656304
-0.258502 -0.387494 0.884887 -1.15623 0.347214 0.817535 0.459433 -0.545537 -0.901454 0.42601 -0.076791 -0.0635252
-0.263219 -0.381963 0.885901 -1.1542 0.346096 0.819771 0.456282 -0.555907 -0.900519 0.426708 -0.0835833 -0.0509173
-0.267275 -0.375001 0.887659 -1.15655 0.344132 0.823281 0.451422 -0.566031 -0.900076 0.426126 -0.0909925 -0.0402149
-0.267908 -0.3661 0.891177 -1.15766 0.349287 0.825154 0.443981 -0.573326 -0.8979 0.430223 -0.0931913 -0.0214061
-0.269273 -0.365875 0.890858 -1.1644 0.349172 0.824995 0.444367 -0.583501 -0.897536 0.430719 -0.0943956 -0.00578181
-0.270522 -0.362231 0.891968 -1.17845 0.360489 0.820993 0.442739 -0.582159 -0.892673 0.441315 -0.0915165 0.00938894
-0.272226 -0.360486 0.892156 -1.18763 0.370648 0.816343 0.44295 -0.580571 -0.887983 0.451258 -0.0886163 0.025525
-0.279493 -0.358725 0.890618 -1.20197 0.376443 0.812378 0.445346 -0.585851 -0.883275 0.459738 -0.0920145 0.0265654
-0.296221 -0.356789 0.885976 -1.21421 0.381569 0.806163 0.452223 -0.576513 -0.87559 0.472019 -0.102663 0.0276147
-0.310594 -0.353224 0.882476 -1.22192 0.390319 0.799117 0.457234 -0.572496 -0.866708 0.486461 -0.110331 0.0282542
-0.33072 -0.352276 0.875515 -1.23642 0.388863 0.794433 0.466542 -0.579809 -0.859889 0.49475 -0.125747 0.0141833
-0.351468 -0.348461 0.868933 -1.24458 0.387732 0.790629 0.473889 -0.577267 -0.852135 0.50347 -0.142771 0.0139786
-0.366216 -0.342028 0.865392 -1.23491 0.388833 0.788666 0.47625 -0.5825 -0.845396 0.510904 -0.15583 -0.00532191
-0.383356 -0.337909 0.859567 -1.23564 0.379826 0.79065 0.480214 -0.599976 -0.841885 0.510579 -0.174754 -0.0225336
-0.40537 -0.333133 0.851291 -1.23497 0.374726 0.788847 0.487135 -0.608664 -0.83382 0.516471 -0.194942 -0.0405546
-0.42093 -0.321584 0.848176 -1.222 0.369062 0.793441 0.483988 -0.601954 -0.82862 0.516754 -0.215298 -0.0617738
-0.449243 -0.314964 0.836049 -1.22081 0.355391 0.79557 0.490679 -0.612408 -0.819682 0.517558 -0.245469 -0.0859968
-0.471056 -0.313986 0.824329 -1.2254 0.345027 0.794469 0.499775 -0.627201 -0.811827 0.519838 -0.265906 -0.1138
-0.492646 -0.308572 0.813685 -1.22638 0.336497 0.794746 0.505123 -0.620626 -0.80254 0.522649 -0.287695 -0.133967
-0.500818 -0.306477 0.809477 -1.21821 0.337133 0.792286 0.508551 -0.620183 -0.797197 0.527593 -0.293468 -0.148529
-0.522812 -0.305484 0.795831 -1.21745 0.327615 0.789878 0.518422 -0.623803 -0.786979 0.531764 -0.312876 -0.159895
-0.533429 -0.303581 0.789489 -1.21805 0.324573 0.788455 0.522486 -0.623353 -0.781093 0.534956 -0.32205 -0.170842
-0.542527 -0.302458 0.783699 -1.21787 0.323418 0.785811 0.527164 -0.614909 -0.775284 0.539463 -0.328503 -0.18114
-0.547706 -0.304567 0.779267 -1.20158 0.317685 0.785934 0.530457 -0.624324 -0.774012 0.538096 -0.333704 -0.183579
-0.552848 -0.304751 0.775556 -1.20034 0.317324 0.7836 0.534113 -0.614147 -0.770497 0.541385 -0.336507 -0.181198
-0.555165 -0.303209 0.774504 -1.2013 0.318804 0.782492 0.534856 -0.59391 -0.768216 0.543848 -0.337748 -0.169829
-0.559288 -0.30132 0.772272 -1.20161 0.319096 0.781563 0.536038 -0.590686 -0.765098 0.546228 -0.340969 -0.172896
-0.55937 -0.300683 0.772461 -1.20252 0.319718 0.78152 0.53573 -0.591553 -0.764778 0.546641 -0.341025 -0.15826
-0.5598 -0.298537 0.772982 -1.19595 0.323583 0.78002 0.535596 -0.592154 -0.762836 0.54995 -0.340053 -0.154637
-0.560012 -0.299014 0.772643 -1.19612 0.324188 0.779145 0.536503 -0.595859 -0.762423 0.55093 -0.339394 -0.150405
-0.561209 -0.29915 0.771721 -1.1959 0.32543 0.777547 0.538067 -0.59926 -0.761012 0.55311 -0.339014 -0.146477
-0.557948 -0.297597 0.77468 -1.18464 0.324787 0.780723 0.53384 -0.612257 -0.76368 0.549462 -0.338947 -0.140283
-0.558991 -0.305264 0.770937 -1.1771 0.316305 0.780953 0.538576 -0.621637 -0.766473 0.54491 -0.339989 -0.134463
-0.560101 -0.309379 0.768486 -1.15777 0.312342 0.780323 0.541791 -0.633653 -0.767287 0.543489 -0.340428 -0.135881
-0.563367 -0.312512 0.764823 -1.14921 0.303241 0.782887 0.54326 -0.635644 -0.768546 0.537981 -0.346286 -0.135363
-0.565462 -0.314794 0.762337 -1.13972 0.295691 0.785481 0.543679 -0.636619 -0.769948 0.532846 -0.351077 -0.137552
-0.573674 -0.316942 0.755279 -1.12865 0.29302 0.781666 0.550579 -0.63405 -0.764877 0.537165 -0.355551 -0.149009
-0.585362 -0.31794 0.745832 -1.11492 0.287653 0.77862 0.55768 -0.620294 -0.758029 0.540985 -0.364318 -0.152241
-0.596925 -0.318935 0.73618 -1.11103 0.279403 0.777512 0.563391 -0.605497 -0.752074 0.541993 -0.375005 -0.158954
-0.607832 -0.320868 0.72635 -1.0997 0.270857 0.776084 0.5695 -0.592552 -0.746443 0.542897 -0.384819 -0.164753
-0.617733 -0.321346 0.717734 -1.09394 0.264916 0.774312 0.574683 -0.578487 -0.740422 0.545141 -0.393188 -0.162146
-0.624255 -0.323192 0.711233 -1.08616 0.255869 0.775612 0.577024 -0.56918 -0.73813 0.542193 -0.401485 -0.163209
-0.63226 -0.323787 0.703853 -1.07382 0.252897 0.772468 0.582525 -0.551585 -0.732318 0.54631 -0.406516 -0.171523
-0.641433 -0.324755 0.695053 -1.07098 0.245803 0.771228 0.587187 -0.540742 -0.726736 0.547487 -0.414865 -0.177543
-0.654011 -0.32234 0.684373 -1.06328 0.237424 0.771501 0.590268 -0.518024 -0.718262 0.548528 -0.428039 -0.174067
-0.669408 -0.318188 0.671304 -1.06534 0.237303 0.764707 0.599092 -0.493639 -0.703974 0.560339 -0.436394 -0.192888
-0.678117 -0.317122 0.663017 -1.0623 0.235146 0.761085 0.604529 -0.473113 -0.696322 0.565847 -0.441535 -0.199427
-0.691972 -0.31368 0.650215 -1.04752 0.230554 0.757484 0.610789 -0.453625 -0.684119 0.572559 -0.451837 -0.210902
-0.707174 -0.3066 0.637104 -1.04882 0.227416 0.754568 0.615556 -0.43405 -0.669468 0.580193 -0.463884 -0.211364
-0.721015 -0.305555 0.621911 -1.04554 0.219779 0.750335 0.623453 -0.408175 -0.657141 0.586203 -0.473849 -0.218169
-0.732195 -0.306911 0.608026 -1.05056 0.214154 0.743701 0.633283 -0.394141 -0.646551 0.593898 -0.478808 -0.224353
-0.735448 -0.302759 0.606179 -1.04622 0.214658 0.744436 0.632248 -0.367673 -0.64268 0.595107 -0.482504 -0.20416
-0.738181 -0.302761 0.602847 -1.05737 0.213293 0.743042 0.634346 -0.350868 -0.639996 0.596845 -0.483923 -0.191672
-0.740912 -0.302149 0.599796 -1.05927 0.21279 0.741458 0.636365 -0.336674 -0.637001 0.599121 -0.48506 -0.180669
-0.743432 -0.300185 0.59766 -1.06554 0.212429 0.741358 0.636602 -0.330305 -0.634178 0.600231 -0.487382 -0.178008
-0.740482 -0.298409 0.602195 -1.06508 0.21865 0.740313 0.635711 -0.323974 -0.635515 0.602402 -0.482942 -0.146195
-0.739313 -0.298487 0.60359 -1.0678 0.220011 0.740108 0.63548 -0.318166 -0.636405 0.602615 -0.481502 -0.129437
-0.736938 -0.29985 0.605815 -1.08075 0.220492 0.740577 0.634767 -0.327253 -0.638987 0.601362 -0.479645 -0.11519
