mono pinhole calibration...
D = [-0.03008119897795957, 0.05868843892472479, 0.0004516554495703711, -0.0022084025311091475, 0.0]
K = [751.9833506725497, 0.0, 616.3347489267952, 0.0, 749.5459365154422, 528.085068372112, 0.0, 0.0, 1.0]
R = [1.0, 0.0, 0.0, 0.0, 1.0, 0.0, 0.0, 0.0, 1.0]
P = [778.0388793945312, 0.0, 612.0841219278518, 0.0, 0.0, 776.6334228515625, 527.0950631562009, 0.0, 0.0, 0.0, 1.0, 0.0]
None
# oST version 5.0 parameters


[image]

width
1224

height
1024

[narrow_stereo]

camera matrix
751.983351 0.000000 616.334749
0.000000 749.545937 528.085068
0.000000 0.000000 1.000000

distortion
-0.030081 0.058688 0.000452 -0.002208 0.000000

rectification
1.000000 0.000000 0.000000
0.000000 1.000000 0.000000
0.000000 0.000000 1.000000

projection
778.038879 0.000000 612.084122 0.000000
0.000000 776.633423 527.095063 0.000000
0.000000 0.000000 1.000000 0.000000

