x =

   1.0e+03 *

    0.2584
    0.2892
    0.5390
    0.5397
    0.6140
    0.6117
    0.8533
    0.8526
    0.9073
    0.9096
    1.0919
    1.0919


y =

  294.1967
  315.2018
  567.2634
  418.7271
  562.7623
  490.7447
  566.5132
  418.7271
  557.5110
  490.7447
  566.5132
  419.4773
