x =

   1.0e+03 *

    0.2487
    0.2847
    0.5375
    0.5367
    0.6148
    0.6148
    0.8706
    0.8683
    0.9208
    0.9231
    1.1226
    1.1234


y =

  289.6956
  309.9505
  571.0143
  410.4751
  559.7615
  486.2436
  568.7637
  410.4751
  557.5110
  486.2436
  566.5132
  411.9755
