x =

   1.0e+03 *

    0.2389
    0.2757
    0.5292
    0.5337
    0.6140
    0.6140
    0.8848
    0.8863
    0.9366
    0.9381
    1.1556
    1.1571


y =

  276.9425
  300.9484
  570.2641
  400.7227
  557.5110
  480.2421
  565.7630
  399.2223
  556.0106
  479.4919
  565.7630
  398.4722
