x =

   1.0e+03 *

    0.2247
    0.2629
    0.5240
    0.5210
    0.6125
    0.6102
    0.9006
    0.9006
    0.9471
    0.9478
    1.1886
    1.1901


y =

  268.6905
  295.6971
  573.2648
  387.9696
  557.5110
  480.2421
  571.0143
  393.9711
  557.5110
  479.4919
  569.5139
  389.4700
