
x =

  217.1535
  258.4136
  520.9777
  519.4773
  616.2509
  616.2509
  926.8267
  923.0758
  970.3374
  968.0868


y =

  260.4385
  288.9454
  572.5147
  378.2172
  557.5110
  474.9908
  571.0143
  382.7183
  558.2612
  474.9908
